A Heart Attak	0	4	3	1	3	0:11	0	0	0	0	0	0	0	0	1	0	1	0	0	0	0	0	0	0	0	0
A L B sLauGHteR	0	63	41	4	26	0:23	5	0	0	0	0	0	60	0	2	1	0	0	3	0	0	0	0	0	0	0
a toe fungus	0	11	6	10	1	0:20	0	0	0	0	0	0	0	2	0	0	0	0	0	0	0	0	0	0	0	0
A Zany Anchovy	0	0	14	2	0	0:12	0	0	0	0	0	0	0	0	0	0	0	0	0	0	0	0	0	0	0	0
AAlpha248	0	4	9	1	0	0:10	0	0	0	0	0	0	0	1	0	1	0	1	0	0	0	0	0	0	0	0
abbsdude12	0	124	274	32	49	1:30	7	0	0	0	0	0	52	0	0	0	0	0	1	0	0	0	0	0	0	0
abirtar	0	75	94	22	4	0:59	2	1	0	0	0	0	13	4	23	9	0	0	3	0	0	0	0	0	0	0
absolutely noth	0	9	6	0	3	0:08	0	0	0	0	0	0	7	0	0	1	0	0	1	0	0	0	0	0	0	0
Aceric	0	3	21	0	0	0:23	0	0	0	0	0	0	0	0	2	0	0	0	0	0	0	0	0	0	0	0
AcidRevenge666	0	0	1	0	0	0:01	0	0	0	0	0	0	0	0	0	0	0	0	0	0	0	0	0	0	0	0
acrocanthrasaur	0	23	29	7	3	0:30	4	0	0	0	0	0	0	1	3	0	1	0	1	1	0	0	0	1	2	0
Adan Dino	0	62	71	11	17	0:24	4	0	0	0	0	0	7	0	24	4	1	0	0	0	0	0	0	0	0	0
adensley	3	10	18	5	0	0:29	1	0	0	0	0	0	0	4	0	0	0	0	0	0	0	0	0	0	2	2
adisor111	0	15	25	13	4	0:08	1	0	0	0	0	0	0	0	0	0	0	0	0	0	0	0	0	0	0	0
AE KingOfTexas	0	30	16	9	0	0:22	1	0	0	0	0	0	0	10	3	1	1	0	3	0	0	0	0	1	3	0
aequitas2110	0	0	0	0	0	0:00	0	0	0	0	0	0	0	0	0	0	0	0	0	0	0	0	0	0	0	0
aeronoel	0	8	25	5	1	0:14	0	0	0	0	0	0	0	0	1	0	0	1	0	0	0	0	0	0	0	0
ag1371	0	6	54	4	2	0:33	0	0	0	0	0	0	2	1	0	1	0	0	0	0	0	0	0	1	0	3
agentcrisp82	0	2	20	1	2	0:22	0	0	0	0	0	0	2	0	0	0	0	0	0	0	0	0	0	0	0	0
agruesgirl87	0	0	14	1	0	0:06	0	0	0	0	0	0	0	0	0	0	0	0	0	0	0	0	0	0	0	0
Aighy	0	0	0	0	0	0:01	0	0	0	0	0	0	0	0	0	0	0	0	0	0	0	0	0	0	0	0
Aimbot man	1	53	13	10	1	0:23	6	2	1	0	0	0	1	19	2	1	1	0	4	1	1	1	1	1	1	1
air monster101	0	3	5	1	0	0:15	0	0	0	0	0	0	0	0	2	0	0	0	0	0	0	0	0	1	0	0
AJWillliamson	0	0	0	0	0	0:01	0	0	0	0	0	0	0	0	0	0	0	0	0	0	0	0	0	0	0	0
Akarichy4life	0	11	43	7	1	0:48	0	0	0	0	0	0	0	1	5	2	0	0	0	0	0	0	0	2	1	1
aks v	0	2	7	4	1	0:12	0	0	0	0	0	0	0	1	0	0	0	0	0	0	0	0	0	1	0	0
AlbanianGamer09	0	0	0	0	0	0:00	0	0	0	0	0	0	0	0	0	0	0	0	0	0	0	0	0	0	0	0
AlbinoNinja96	0	2	5	0	2	0:03	0	0	0	0	0	0	0	0	0	0	0	0	0	0	0	0	0	0	0	0
ALEQZ chief	0	0	2	0	0	0:12	0	0	0	0	0	0	0	0	0	0	0	0	0	0	0	0	0	0	0	0
AlertFrame	0	0	0	0	0	0:02	0	0	0	0	0	0	0	0	0	0	0	0	0	0	0	0	0	0	0	0
AlessandroMel	0	0	3	1	0	0:03	0	0	0	0	0	0	0	0	0	0	0	0	0	0	0	0	0	0	0	0
Alexalex1432	0	128	69	8	58	0:43	8	0	0	0	0	0	114	0	4	6	0	0	5	1	0	0	0	0	0	0
AlexJabberwocky	0	83	151	19	4	1:10	4	0	0	0	0	0	10	11	26	10	0	0	3	0	0	0	0	0	0	0
alexrider412	0	4	4	0	0	0:10	0	0	0	0	0	0	0	0	2	1	0	0	0	0	0	0	0	0	0	0
alfadisanto	0	0	0	0	0	0:00	0	0	0	0	0	0	0	0	0	0	0	0	0	0	0	0	0	0	0	0
alftkg	1	27	45	10	8	0:51	0	0	0	0	0	0	3	4	3	0	1	0	1	0	0	0	0	1	0	3
Alixou	0	96	71	9	35	1:08	3	0	0	0	0	0	40	2	13	5	0	0	4	0	0	0	0	0	0	0
AllHunter357	0	4	33	1	1	0:35	0	0	0	0	0	0	0	0	1	0	0	0	0	0	0	0	0	0	0	0
AllusiveHalo	0	0	0	0	0	0:00	0	0	0	0	0	0	0	0	0	0	0	0	0	0	0	0	0	0	0	0
alonsoo 3	1	10	11	7	3	0:17	1	0	0	0	0	0	0	1	3	0	1	0	0	0	0	0	0	1	0	0
alorton	0	12	3	1	3	0:04	1	0	0	0	0	0	6	0	1	0	0	0	1	0	0	0	0	0	0	0
aLuckyHitbyME	2	28	21	10	9	0:40	0	0	0	0	0	0	15	2	0	2	2	0	1	0	0	0	0	1	0	0
AmazedDeaths 8	0	29	4	2	16	0:17	0	0	0	0	0	0	22	1	4	1	0	0	2	2	0	0	0	0	0	0
Amedeo 092	0	0	0	0	0	0:00	0	0	0	0	0	0	0	0	0	0	0	0	0	0	0	0	0	0	0	0
an epic tuna	0	77	180	28	25	1:29	4	1	0	0	0	0	27	1	12	6	1	0	1	0	0	0	0	0	1	1
ANAKLN	0	37	46	3	15	0:19	5	0	0	0	0	0	4	0	4	5	0	1	1	0	0	0	0	0	0	0
andres952112	0	5	28	6	1	0:23	0	0	0	0	0	0	0	1	0	0	1	0	0	0	0	0	0	0	0	0
andrewatomatic	0	0	1	0	0	0:06	0	0	0	0	0	0	0	0	0	0	0	0	0	0	0	0	0	0	0	0
Andy3619	0	38	16	1	8	0:20	1	1	0	0	0	0	25	0	7	4	0	0	2	1	0	0	0	0	0	0
Angel Of Dirt	0	0	2	0	0	0:01	0	0	0	0	0	0	0	0	0	0	0	0	0	0	0	0	0	0	0	0
AnglicoSG	0	0	0	0	0	0:00	0	0	0	0	0	0	0	0	0	0	0	0	0	0	0	0	0	0	0	0
AODB Revan	0	0	0	0	0	0:00	0	0	0	0	0	0	0	0	0	0	0	0	0	0	0	0	0	0	0	0
AODB spudarcade	0	6	8	3	2	0:22	0	0	0	0	0	0	0	0	0	0	2	0	0	0	0	0	0	0	0	2
AODB you idiot	0	57	36	4	29	0:55	2	0	0	0	0	0	6	0	12	2	0	1	4	0	0	0	0	0	1	1
AppleKokoNut	0	0	0	0	0	0:00	0	0	0	0	0	0	0	0	0	0	0	0	0	0	0	0	0	0	0	0
arabongs	0	9	32	2	1	0:28	0	0	0	0	0	0	0	0	3	0	0	0	0	0	0	0	0	0	0	1
arbitereliteult	0	21	24	4	9	0:09	4	0	0	0	0	0	2	0	3	2	0	0	1	0	0	0	0	0	0	0
Archilliess	1	79	99	15	15	2:01	2	0	0	0	0	0	27	2	10	10	6	0	3	2	1	1	1	1	1	1
ArdentKnowledge	0	18	17	12	2	0:31	0	0	0	0	0	0	0	0	0	0	0	0	1	0	0	0	0	0	1	0
ArisenGlint	0	7	11	2	3	0:12	0	0	0	0	0	0	0	2	0	0	0	0	0	0	0	0	0	0	0	1
armageddonlol	3	106	35	17	32	1:15	7	3	1	0	0	0	31	14	8	4	2	1	9	3	2	2	2	1	1	4
Armando0094	4	57	163	30	20	2:41	3	0	0	0	0	0	31	4	2	1	0	0	0	0	0	0	0	0	7	6
arrecool	0	8	18	0	1	0:06	1	0	0	0	0	0	0	0	0	0	0	0	0	0	0	0	0	0	0	0
arsenicman	0	6	7	2	2	0:04	0	0	0	0	0	0	6	0	0	0	0	0	0	0	0	0	0	0	0	0
ArthurR19	0	30	53	0	9	0:17	2	0	0	0	0	0	29	0	1	0	0	0	0	0	0	0	0	0	0	0
AsK M3 4 M3rCy	0	67	40	9	44	0:17	8	3	0	0	0	0	14	0	2	2	0	0	4	0	0	0	0	0	0	0
Askadan	0	18	37	6	0	0:38	0	0	0	0	0	0	0	11	4	2	0	0	0	0	0	0	0	2	2	1
aSpartan111	0	50	45	1	18	0:19	2	0	0	0	0	0	27	0	0	2	0	0	3	0	0	0	0	0	0	0
Audusspartan117	0	38	233	23	7	2:03	0	0	0	0	0	0	6	0	4	0	0	0	0	0	0	0	0	0	0	0
austincurrie26	0	10	20	1	0	0:21	0	0	0	0	0	0	0	1	3	5	0	0	0	0	0	0	0	0	3	0
Avatar Lumineux	0	6	5	1	4	0:04	0	0	0	0	0	0	5	0	0	1	0	0	0	0	0	0	0	0	0	0
Aviant365	0	76	22	25	9	1:05	10	4	1	0	0	0	6	3	3	0	1	0	4	2	2	2	2	2	1	0
Avitale811	0	26	33	7	3	0:34	0	0	0	0	0	0	3	1	3	4	0	0	1	0	0	0	0	0	0	0
awesomeskip	0	0	4	0	0	0:01	0	0	0	0	0	0	0	0	0	0	0	0	0	0	0	0	0	0	0	0
Axsai	0	74	108	15	38	1:33	9	1	0	0	0	0	26	0	5	1	0	0	3	0	0	0	0	0	0	0
AXTECT UNION	0	10	8	0	0	0:03	0	0	0	0	0	0	10	0	0	0	0	0	0	0	0	0	0	0	0	0
AZAtueur	0	3	11	1	1	0:05	0	0	0	0	0	0	2	0	1	0	0	0	0	0	0	0	0	0	0	0
Azngymnast	0	10	16	6	2	0:20	1	0	0	0	0	0	1	2	0	0	0	0	0	0	0	0	0	0	0	0
Azulcrema23	0	52	55	14	5	0:25	6	0	0	0	0	0	2	0	17	4	0	0	1	0	0	0	0	0	0	0
B0B0333	0	13	12	2	5	0:20	1	0	0	0	0	0	7	0	3	1	0	0	0	0	0	0	0	0	0	0
Ba1z of VeGGi	0	50	11	3	45	0:07	11	2	1	0	0	0	0	0	1	0	0	0	5	1	1	0	0	0	0	0
BaadBoy jake	0	24	5	4	3	0:20	2	1	0	0	0	0	0	3	0	0	0	0	2	1	0	0	0	0	0	0
BaadBoyBill	0	6	22	4	0	0:33	0	0	0	0	0	0	0	1	3	0	2	0	0	0	0	0	0	0	0	0
BaadBoyJono	0	4	3	2	2	0:05	0	0	0	0	0	0	0	0	0	0	0	0	0	0	0	0	0	0	0	0
BaadGirlArk	0	0	0	0	0	0:02	0	0	0	0	0	0	0	0	0	0	0	0	0	0	0	0	0	0	0	0
BackSoon	0	7	2	1	1	0:13	1	1	0	0	0	0	0	0	0	0	0	0	1	0	0	0	0	0	0	0
Bacon Shocker	0	23	28	10	3	0:10	2	0	0	0	0	0	0	0	0	3	0	0	0	0	0	0	0	0	0	0
Bad Mathe	0	15	28	5	11	0:06	1	0	0	0	0	0	0	0	3	1	0	0	0	0	0	0	0	0	0	0
BadAssWookiee	0	1	45	1	1	0:47	0	0	0	0	0	0	0	0	0	0	0	0	0	0	0	0	0	0	0	0
badbob815	0	8	25	0	3	0:12	0	0	0	0	0	0	6	0	0	0	0	0	0	0	0	0	0	0	0	0
BaddestHotrod	0	0	2	0	0	0:02	0	0	0	0	0	0	0	0	0	0	0	0	0	0	0	0	0	0	0	0
Balco77	0	3	12	1	0	0:03	0	0	0	0	0	0	0	0	0	0	0	0	0	0	0	0	0	0	0	0
BaldHillBoy	0	0	0	0	0	0:01	0	0	0	0	0	0	0	0	0	0	0	0	0	0	0	0	0	0	0	0
balldoor	0	3	10	2	1	0:06	0	0	0	0	0	0	2	0	0	0	0	0	0	0	0	0	0	0	0	0
BananaKing24	0	45	91	9	30	0:20	5	0	0	0	0	0	0	0	4	5	0	0	0	0	0	0	0	0	0	0
BassInYerFace	0	29	57	10	9	0:29	1	0	0	0	0	0	16	0	0	1	0	0	0	0	0	0	0	0	0	0
Bastaboi93	0	1	14	2	0	0:03	0	0	0	0	0	0	0	0	1	0	0	0	0	0	0	0	0	0	0	0
BastingOzzkar	0	21	23	12	7	0:16	3	1	0	0	0	0	3	1	1	1	0	0	0	0	0	0	0	0	0	0
Bauer Uwe	0	7	33	2	1	0:30	1	0	0	0	0	0	0	0	2	0	0	0	0	0	0	0	0	0	0	0
BDMAR96	0	29	65	19	5	0:21	3	0	0	0	0	0	1	0	2	0	0	0	0	0	0	0	0	0	0	0
Beagle Stanley	0	0	3	0	0	0:03	0	0	0	0	0	0	0	0	0	0	0	0	0	0	0	0	0	0	0	0
beathellscream	0	0	4	0	0	0:01	0	0	0	0	0	0	0	0	0	0	0	0	0	0	0	0	0	0	0	0
Beaurepair	3	8	3	0	0	0:13	0	0	0	0	0	0	0	0	0	0	0	0	1	0	0	0	0	0	3	0
benno bensen	0	3	11	5	2	0:11	0	0	0	0	0	0	1	0	0	1	0	0	0	0	0	0	0	0	0	0
BentDude	0	0	0	0	0	0:00	0	0	0	0	0	0	0	0	0	0	0	0	0	0	0	0	0	0	0	0
Beowarr	0	0	0	0	0	0:03	0	0	0	0	0	0	0	0	0	0	0	0	0	0	0	0	0	0	0	0
bernie3981	0	0	21	5	0	0:32	0	0	0	0	0	0	0	0	0	0	0	0	0	0	0	0	0	1	0	0
Beta Trianguli	1	78	48	20	31	1:29	2	0	0	0	0	0	0	3	1	1	3	0	4	0	0	0	0	0	0	1
BetaDelta534	1	93	56	17	11	0:54	12	1	0	0	0	0	8	4	27	18	1	0	3	0	0	0	0	2	0	1
BicolourBigfoot	0	72	146	11	27	1:15	1	0	0	0	0	0	65	0	3	4	0	0	1	0	0	0	0	0	0	0
Biftek9	0	21	6	3	7	0:25	0	0	0	0	0	0	17	0	4	0	0	0	2	0	0	0	0	0	0	0
BigBadThad17	0	0	0	0	0	0:00	0	0	0	0	0	0	0	0	0	0	0	0	0	0	0	0	0	0	0	0
BiggyPupi	0	7	24	4	0	0:05	0	0	0	0	0	0	1	0	2	1	0	0	0	0	0	0	0	0	0	0
bigm69	1	0	1	0	0	0:02	0	0	0	0	0	0	0	0	0	0	0	0	0	0	0	0	0	0	1	0
BigmacAssassinz	0	0	0	0	0	0:01	0	0	0	0	0	0	0	0	0	0	0	0	0	0	0	0	0	0	0	0
BigMou666	0	4	4	1	0	0:06	0	0	0	0	0	0	0	1	0	0	0	0	0	0	0	0	0	1	0	0
Bill54001	0	14	12	5	1	0:06	1	1	0	0	0	0	0	8	1	0	0	0	1	0	0	0	0	0	0	0
Bjr95	2	24	1	1	1	0:25	0	0	0	0	0	0	0	11	1	1	0	0	2	1	1	0	0	1	4	1
black code 1	0	122	59	22	11	0:39	13	1	0	0	0	0	9	1	36	19	0	3	7	2	0	0	0	0	0	0
Black Werwulf	0	0	0	0	0	0:00	0	0	0	0	0	0	0	0	0	0	0	0	0	0	0	0	0	0	0	0
Blackeagle57	0	19	10	2	9	0:15	0	0	0	0	0	0	3	0	6	0	0	1	0	0	0	0	0	0	0	0
blackhalo785	0	0	0	0	0	0:00	0	0	0	0	0	0	0	0	0	0	0	0	0	0	0	0	0	0	0	0
BlackReaperr	1	487	312	55	188	4:01	30	1	0	0	0	0	348	4	46	24	0	5	23	1	0	0	0	0	0	0
Bladeboy 156	0	0	0	0	0	0:02	0	0	0	0	0	0	0	0	0	0	0	0	0	0	0	0	0	0	0	0
blasr4020	0	0	0	0	0	0:00	0	0	0	0	0	0	0	0	0	0	0	0	0	0	0	0	0	0	0	0
blaster2020	0	2	32	0	0	0:14	0	0	0	0	0	0	0	0	0	0	0	0	0	0	0	0	0	0	0	0
BlazinBill557	0	13	8	4	8	0:05	0	0	0	0	0	0	2	0	2	0	0	0	0	0	0	0	0	0	0	0
Blind Man Viper	0	0	1	0	0	0:04	0	0	0	0	0	0	0	0	0	0	0	0	0	0	0	0	0	0	0	0
Blondigurl	0	0	0	0	0	0:00	0	0	0	0	0	0	0	0	0	0	0	0	0	0	0	0	0	0	0	0
BlubberFlupp	0	3	1	0	0	0:00	1	0	0	0	0	0	0	0	0	0	0	0	0	0	0	0	0	0	0	0
BlueFox010	0	13	4	9	0	0:12	2	0	0	0	0	0	0	5	0	0	0	0	1	0	0	0	0	0	0	0
bluegold83	0	1	4	1	0	0:03	0	0	0	0	0	0	1	0	0	0	0	0	0	0	0	0	0	0	0	0
Bluffer1	0	16	27	3	0	0:19	1	0	0	0	0	0	0	7	2	0	0	0	0	0	0	0	0	1	1	2
boeing748	0	0	7	0	0	0:02	0	0	0	0	0	0	0	0	0	0	0	0	0	0	0	0	0	0	0	0
bogusdark fiend	0	0	0	0	0	0:00	0	0	0	0	0	0	0	0	0	0	0	0	0	0	0	0	0	0	0	0
BoltingNinja	0	19	24	31	5	0:52	1	0	0	0	0	0	4	1	4	3	0	0	0	0	0	0	0	0	1	1
boomerboy14	0	52	72	11	19	0:32	2	0	0	0	0	0	8	0	6	7	0	0	0	0	0	0	0	0	0	0
Boomskill	0	0	2	0	0	0:02	0	0	0	0	0	0	0	0	0	0	0	0	0	0	0	0	0	0	0	0
boricua1011	0	24	35	10	0	1:15	1	0	0	0	0	0	2	11	0	0	0	0	2	0	0	0	0	2	0	0
boyle5	0	24	67	5	4	0:48	1	0	0	0	0	0	9	3	3	1	0	0	0	0	0	0	0	0	0	0
bravehorse	0	11	24	8	5	0:37	0	0	0	0	0	0	10	0	0	0	0	0	0	0	0	0	0	0	0	0
Brocks1995	0	1	5	0	0	0:07	0	0	0	0	0	0	0	0	0	1	0	0	0	0	0	0	0	0	0	0
broken brick	0	0	0	0	0	0:00	0	0	0	0	0	0	0	0	0	0	0	0	0	0	0	0	0	0	0	0
BrokenMetalFist	0	31	17	0	10	0:13	2	0	0	0	0	0	23	0	6	2	0	0	3	1	0	0	0	0	0	0
Brother Halar	0	0	0	0	0	0:00	0	0	0	0	0	0	0	0	0	0	0	0	0	0	0	0	0	0	0	0
brqda	0	15	22	3	6	0:12	0	0	0	0	0	0	14	0	1	0	1	0	1	0	0	0	0	0	0	0
BruskMonkey	0	0	0	0	0	0:00	0	0	0	0	0	0	0	0	0	0	0	0	0	0	0	0	0	0	0	0
brutemac07	0	39	54	3	16	0:42	3	0	0	0	0	0	27	0	6	0	0	0	1	0	0	0	0	0	0	0
Bryan Tran	0	1	3	0	0	0:00	0	0	0	0	0	0	1	0	0	0	0	0	0	0	0	0	0	0	0	0
BrycyCommando	0	11	17	9	2	0:17	1	1	1	1	0	0	0	1	2	0	0	0	1	0	0	0	0	0	0	0
Bubblestallguy9	0	0	0	0	0	0:01	0	0	0	0	0	0	0	0	0	0	0	0	0	0	0	0	0	0	0	0
Buchey	0	13	12	2	2	0:06	1	0	0	0	0	0	0	2	3	2	0	0	1	0	0	0	0	0	0	0
buckeyeranger	0	46	39	19	5	1:26	2	0	0	0	0	0	0	7	1	0	0	1	3	0	0	0	0	0	0	0
Budluvsrock	0	6	13	5	0	0:17	0	0	0	0	0	0	0	2	2	1	0	0	0	0	0	0	0	1	0	0
Bulsha	0	48	88	11	6	0:34	4	0	0	0	0	0	5	0	5	5	0	0	1	0	0	0	0	0	0	0
Burgerisms	2	14	19	2	3	0:20	0	0	0	0	0	0	7	1	1	0	0	0	0	0	0	0	0	0	2	0
BurtFred	0	10	11	3	2	0:07	0	0	0	0	0	0	8	0	2	0	0	0	0	0	0	0	0	0	0	0
ButterManCam	0	0	0	0	0	0:01	0	0	0	0	0	0	0	0	0	0	0	0	0	0	0	0	0	0	0	0
Buzz10000	3	40	28	7	11	1:16	1	0	0	0	0	0	4	10	1	0	0	0	2	0	0	0	0	0	3	1
BWPLJGONOIPONW	0	0	0	0	0	0:00	0	0	0	0	0	0	0	0	0	0	0	0	0	0	0	0	0	0	0	0
Byoung0202	0	0	0	0	0	0:00	0	0	0	0	0	0	0	0	0	0	0	0	0	0	0	0	0	0	0	0
C0SbYSw3aT3R	0	10	13	0	5	0:06	0	0	0	0	0	0	10	0	0	0	0	0	0	0	0	0	0	0	0	0
C2DaMurda	0	21	20	2	6	0:27	2	0	0	0	0	0	4	2	3	1	1	0	0	0	0	0	0	0	1	0
C4mpnPr0	0	26	7	3	16	0:23	0	0	0	0	0	0	0	0	2	1	1	0	3	0	0	0	0	0	3	1
caboose0703	0	45	16	7	17	0:28	2	0	0	0	0	0	19	1	2	2	2	0	5	1	0	0	0	0	0	4
cal b123	0	59	193	14	12	0:49	2	0	0	0	0	0	19	0	8	3	0	0	0	0	0	0	0	0	0	0
camouflage22	0	33	29	5	17	0:16	2	0	0	0	0	0	28	0	2	2	0	0	1	0	0	0	0	0	0	0
Capper7	0	2	10	1	0	0:01	0	0	0	0	0	0	0	0	0	0	0	0	0	0	0	0	0	0	0	0
Capt Outrageous	0	0	1	0	0	0:00	0	0	0	0	0	0	0	0	0	0	0	0	0	0	0	0	0	0	0	0
captain no man	0	11	39	2	3	0:47	1	0	0	0	0	0	6	4	0	0	0	0	0	0	0	0	0	0	0	0
CaptStu26	0	175	227	48	45	1:53	12	0	0	0	0	0	82	0	27	16	0	0	4	0	0	0	0	0	0	0
carazmatic	0	9	16	4	7	0:05	0	0	0	0	0	0	1	0	0	0	0	0	0	0	0	0	0	0	0	0
Carbaugh206	1	0	26	1	0	0:33	0	0	0	0	0	0	0	0	0	0	0	0	0	0	0	0	0	2	0	0
cartoflius	0	1	19	1	0	0:03	0	0	0	0	0	0	0	0	1	0	0	0	0	0	0	0	0	0	0	0
CartopBALTO	0	0	0	0	0	0:00	0	0	0	0	0	0	0	0	0	0	0	0	0	0	0	0	0	0	0	0
CASE no 1	0	8	10	3	0	0:11	0	0	0	0	0	0	0	6	1	1	0	0	0	0	0	0	0	0	0	0
castway93	1	119	133	50	16	3:23	7	1	0	0	0	0	5	33	16	7	3	1	5	0	0	0	0	2	0	0
Catalystic	0	45	36	3	21	0:14	3	0	0	0	0	0	18	0	2	2	0	0	0	0	0	0	0	0	0	0
CAviTY ScOpEz	0	0	0	0	0	0:01	0	0	0	0	0	0	0	0	0	0	0	0	0	0	0	0	0	0	0	0
Cenuyi	0	5	8	3	4	0:08	1	0	0	0	0	0	4	0	1	0	0	0	0	0	0	0	0	0	0	0
Cerealkiller062	0	12	2	1	8	0:17	0	0	0	0	0	0	9	0	0	1	0	0	1	1	0	0	0	0	0	0
Cereberus16	0	1	15	1	0	0:07	0	0	0	0	0	0	1	0	0	0	0	0	0	0	0	0	0	0	0	0
Cesitas	1	1	1	0	0	0:02	0	0	0	0	0	0	0	0	0	0	0	0	0	0	0	0	0	1	0	0
CheeseMeista	0	7	9	1	2	0:13	0	0	0	0	0	0	2	3	0	1	0	0	0	0	0	0	0	0	0	1
cheifkiller1234	0	4	51	4	0	0:43	0	0	0	0	0	0	1	2	0	1	0	0	0	0	0	0	0	1	0	0
chemelemon	0	1	1	0	0	0:02	0	0	0	0	0	0	0	0	0	0	0	0	0	0	0	0	0	0	0	0
ChewieR2	0	0	0	0	0	0:03	0	0	0	0	0	0	0	0	0	0	0	0	0	0	0	0	0	0	0	0
childlocker	1	36	46	6	15	0:25	1	0	0	0	0	0	16	1	2	2	0	0	0	0	0	0	0	2	0	0
chip9150	0	0	8	2	0	0:07	0	0	0	0	0	0	0	0	0	0	0	0	0	0	0	0	0	0	0	0
Chippa Darragh	0	3	7	1	1	0:05	0	0	0	0	0	0	1	0	1	0	0	1	0	0	0	0	0	0	0	0
Chris Awwsome	0	10	2	2	5	0:05	2	0	0	0	0	0	0	0	2	0	0	0	1	0	0	0	0	0	0	0
cjcool99	0	0	0	0	0	0:00	0	0	0	0	0	0	0	0	0	0	0	0	0	0	0	0	0	0	0	0
clankclank101	0	65	45	32	21	1:31	3	0	0	0	0	0	4	4	3	6	8	0	5	0	0	0	0	0	1	3
ClanOneil	0	513	138	28	245	1:49	81	11	5	1	0	0	90	11	42	23	2	4	36	11	5	5	4	3	1	1
cmdrBubba	0	0	0	0	0	0:00	0	0	0	0	0	0	0	0	0	0	0	0	0	0	0	0	0	0	0	0
cnakilla	0	2	5	1	0	0:08	0	0	0	0	0	0	0	1	1	0	0	0	0	0	0	0	0	0	0	0
Cod3named	0	20	10	1	16	0:06	1	0	0	0	0	0	16	0	0	1	0	0	2	0	0	0	0	0	0	0
Coffee281	0	5	9	1	3	0:13	0	0	0	0	0	0	1	0	0	0	0	0	0	0	0	0	0	0	0	0
COHxDarkPhoeniX	0	4	2	0	1	0:01	0	0	0	0	0	0	0	0	0	0	0	0	0	0	0	0	0	0	0	0
CokeZero360	0	33	10	1	0	0:23	6	0	0	0	0	0	0	3	5	2	0	0	1	1	1	0	0	0	0	0
coletank117	0	62	106	17	27	1:17	2	0	0	0	0	0	44	0	8	9	0	0	0	0	0	0	0	0	0	0
Colossal Dreams	0	30	53	19	3	1:08	2	0	0	0	0	0	2	5	2	0	0	0	1	0	0	0	0	0	0	1
combatjack1	0	39	49	3	15	0:20	1	0	0	0	0	0	33	0	5	1	0	0	0	0	0	0	0	0	0	0
Commando N	0	6	4	2	0	0:22	0	0	0	0	0	0	2	0	0	0	0	0	0	0	0	0	0	0	1	1
commo23	0	1	2	0	0	0:01	0	0	0	0	0	0	0	0	0	0	0	0	0	0	0	0	0	0	0	0
ComradeLogger13	1	43	31	7	9	0:58	0	0	0	0	0	0	8	5	10	5	1	0	2	1	0	0	0	0	0	1
conejito386	0	3	14	2	2	0:13	0	0	0	0	0	0	0	0	0	0	0	0	0	0	0	0	0	0	1	0
Conran2010	0	102	116	26	21	0:38	9	1	0	0	0	0	15	0	29	13	0	0	1	0	0	0	0	0	0	0
coolcol1	0	0	1	0	0	0:02	0	0	0	0	0	0	0	0	0	0	0	0	0	0	0	0	0	0	0	0
coolkevin11	0	3	5	0	0	0:27	0	0	0	0	0	0	0	0	2	1	0	0	0	0	0	0	0	0	1	1
coolman947	0	0	2	0	0	0:05	0	0	0	0	0	0	0	0	0	0	0	0	0	0	0	0	0	0	0	0
Corona OA 007	0	15	26	6	1	0:28	1	0	0	0	0	0	0	3	7	1	0	0	0	0	0	0	0	0	0	0
Cosmic Traitor	0	0	0	0	0	0:00	0	0	0	0	0	0	0	0	0	0	0	0	0	0	0	0	0	0	0	0
cp2999	0	0	0	0	0	0:00	0	0	0	0	0	0	0	0	0	0	0	0	0	0	0	0	0	0	0	0
Craig 865	0	0	2	0	0	0:02	0	0	0	0	0	0	0	0	0	0	0	0	0	0	0	0	0	0	0	0
cray98	0	0	0	0	0	0:00	0	0	0	0	0	0	0	0	0	0	0	0	0	0	0	0	0	0	0	0
crazmnke	0	36	29	12	11	0:41	1	0	0	0	0	0	0	8	2	2	0	0	2	1	0	0	0	0	0	0
crazy sk8er kid	0	5	14	4	0	0:16	0	0	0	0	0	0	0	3	1	0	0	0	0	0	0	0	0	0	0	1
CrazyHaloManiac	0	9	18	0	1	0:08	0	0	0	0	0	0	0	0	4	4	0	0	0	0	0	0	0	0	0	0
CrazyMadChicken	0	23	35	8	10	0:28	0	0	0	0	0	0	5	2	1	0	3	0	0	0	0	0	0	0	0	0
Crazytaxii	0	0	0	0	0	0:00	0	0	0	0	0	0	0	0	0	0	0	0	0	0	0	0	0	0	0	0
cricri117	0	0	0	0	0	0:00	0	0	0	0	0	0	0	0	0	0	0	0	0	0	0	0	0	0	0	0
criminal123321	0	0	1	0	0	0:05	0	0	0	0	0	0	0	0	0	0	0	0	0	0	0	0	0	0	0	0
Cris Breeze	0	20	10	2	16	0:12	0	0	0	0	0	0	4	0	1	0	0	0	1	0	0	0	0	0	0	0
cristhianbuenoo	0	1	10	1	0	0:06	0	0	0	0	0	0	1	0	0	0	0	0	0	0	0	0	0	0	0	0
CroixCnos	0	0	0	0	0	0:00	0	0	0	0	0	0	0	0	0	0	0	0	0	0	0	0	0	0	0	0
cruashalkiller3	0	3	12	0	1	0:08	0	0	0	0	0	0	2	0	0	0	0	1	0	0	0	0	0	0	0	0
CRYPTIC MYSTICS	0	45	32	8	6	0:17	3	0	0	0	0	0	2	1	17	2	1	1	2	0	0	0	0	0	0	0
Crysis741	0	14	10	0	4	0:20	0	0	0	0	0	0	1	0	0	1	0	0	1	0	0	0	0	0	0	3
CVR SPARTEN	0	1	7	0	0	0:03	0	0	0	0	0	0	1	0	0	0	0	0	0	0	0	0	0	0	0	0
CyclicalUnknown	0	1	4	3	0	0:10	0	0	0	0	0	0	0	0	0	0	0	0	0	0	0	0	0	0	0	0
CyclingTetra	0	3	2	0	0	0:07	0	0	0	0	0	0	0	2	0	0	0	0	0	0	0	0	0	0	0	0
D3vils d3aleR	0	2	0	0	0	0:06	0	0	0	0	0	0	0	0	1	0	0	0	0	0	0	0	0	0	0	0
D472K	0	33	21	10	19	0:13	1	0	0	0	0	0	0	0	5	0	0	0	2	0	0	0	0	0	0	0
DAC Jamrock3	0	1	11	3	0	0:09	0	0	0	0	0	0	0	1	0	0	0	0	0	0	0	0	0	0	0	0
DADADUKE	0	0	0	0	0	0:01	0	0	0	0	0	0	0	0	0	0	0	0	0	0	0	0	0	0	0	0
DadSolo17	0	91	117	35	19	0:42	6	0	0	0	0	0	20	0	8	7	0	0	0	0	0	0	0	0	0	0
dai son 69	0	45	120	14	5	1:14	5	0	0	0	0	0	11	0	10	6	0	0	0	0	0	0	0	0	0	0
dalby2514	1	33	48	7	5	0:57	0	0	0	0	0	0	0	8	10	2	4	1	1	0	0	0	0	3	0	3
Dalek 007	0	46	100	30	7	1:14	1	0	0	0	0	0	0	12	13	1	1	0	0	0	0	0	0	0	0	0
damdamdu14	0	5	6	0	0	0:08	0	0	0	0	0	0	0	1	2	1	0	0	0	0	0	0	0	1	0	0
DaNgEr110	0	10	18	3	1	0:23	2	0	0	0	0	0	0	3	1	2	0	0	0	0	0	0	0	0	0	0
danheck	0	0	0	0	0	0:05	0	0	0	0	0	0	0	0	0	0	0	0	0	0	0	0	0	0	0	0
danielhead	0	0	0	0	0	0:00	0	0	0	0	0	0	0	0	0	0	0	0	0	0	0	0	0	0	0	0
Danjjgame	2	2	8	3	1	0:09	0	0	0	0	0	0	2	0	0	0	0	0	0	0	0	0	0	0	2	0
dankadie	0	44	58	5	16	1:13	1	0	0	0	0	0	42	1	0	0	0	0	1	1	0	0	0	0	0	0
DanKev7	0	26	8	4	3	0:17	2	0	0	0	0	0	0	10	6	2	0	0	1	1	0	0	0	0	0	0
Dano106	0	70	66	7	38	1:00	3	0	0	0	0	0	63	0	4	3	0	0	2	0	0	0	0	0	0	0
danv21061	0	0	0	0	0	0:00	0	0	0	0	0	0	0	0	0	0	0	0	0	0	0	0	0	0	0	0
DanWarPro	0	1	19	0	0	0:12	0	0	0	0	0	0	0	1	0	0	0	0	0	0	0	0	0	0	0	0
Danyell01	0	5	7	0	2	0:06	0	0	0	0	0	0	4	0	1	0	0	0	0	0	0	0	0	0	0	0
Darkarrow00	0	20	56	8	4	0:35	1	0	0	0	0	0	5	0	4	7	0	0	0	0	0	0	0	0	0	0
DarkAssassin130	0	5	40	9	0	0:57	0	0	0	0	0	0	0	0	0	0	0	0	0	0	0	0	0	0	0	0
Darkhunter292	0	196	95	16	154	0:41	35	7	1	0	0	0	7	0	9	9	0	0	10	2	1	1	0	0	0	0
darklink1170	0	0	0	0	0	0:00	0	0	0	0	0	0	0	0	0	0	0	0	0	0	0	0	0	0	0	0
Darklinkinet	1	178	87	27	57	2:03	9	2	0	0	0	0	64	6	10	7	0	0	8	3	1	1	1	2	4	4
DarkShadow0014	0	42	72	13	7	1:28	4	0	0	0	0	0	8	10	6	2	1	0	2	1	0	0	0	0	0	0
Darth Malak 555	2	20	7	5	4	0:13	0	0	0	0	0	0	0	5	1	1	0	0	1	0	0	0	0	0	1	1
darthsawyer2	0	0	5	0	0	0:13	0	0	0	0	0	0	0	0	0	0	1	0	0	0	0	0	0	0	0	0
dastanh	0	0	0	0	0	0:01	0	0	0	0	0	0	0	0	0	0	0	0	0	0	0	0	0	0	0	0
DaSupaFreak	0	119	39	24	37	1:34	15	1	1	0	0	0	0	2	8	1	5	0	11	2	1	1	0	3	1	1
DawnOfSorrow01	0	0	0	0	0	0:00	0	0	0	0	0	0	0	0	0	0	0	0	0	0	0	0	0	0	0	0
DBuzzer 41	0	0	0	0	0	0:00	0	0	0	0	0	0	0	0	0	0	0	0	0	0	0	0	0	0	0	0
dd102	0	0	0	0	0	0:00	0	0	0	0	0	0	0	0	0	0	0	0	0	0	0	0	0	0	0	0
DeadlySwine	0	4	1	6	0	0:07	0	0	0	0	0	0	0	2	0	0	0	0	0	0	0	0	0	0	0	0
DeadManZor	0	0	0	0	0	0:00	0	0	0	0	0	0	0	0	0	0	0	0	0	0	0	0	0	0	0	0
deadstrokes	1	27	15	8	11	0:32	2	0	0	0	0	0	16	2	3	2	0	0	2	0	0	0	0	1	0	0
DeadWoelrvine	0	79	72	6	27	0:38	2	0	0	0	0	0	66	1	8	3	0	1	1	0	0	0	0	1	0	0
DeadyshkaYaha	0	0	0	0	0	0:00	0	0	0	0	0	0	0	0	0	0	0	0	0	0	0	0	0	0	0	0
Death Simon	0	67	50	4	31	0:28	4	0	0	0	0	0	60	0	4	1	0	0	1	0	0	0	0	0	0	0
deathy wolf	0	103	105	28	13	0:33	5	1	0	0	0	0	12	0	24	12	0	1	0	0	0	0	0	0	0	0
DeC Trilogy	0	9	23	0	1	0:07	0	0	0	0	0	0	9	0	0	0	0	0	0	0	0	0	0	0	0	0
DeepBlast	0	2	5	2	0	0:09	0	0	0	0	0	0	0	0	0	0	0	0	0	0	0	0	0	1	0	1
DelayedSuperset	2	108	110	26	47	1:00	11	0	0	0	0	0	47	0	14	5	0	1	4	1	0	0	0	2	2	0
delta lead 333	0	25	9	8	2	0:31	2	0	0	0	0	0	0	7	0	2	0	0	1	1	1	1	0	0	0	0
DemonicNewbiz	0	53	19	2	12	0:25	3	0	0	0	0	0	25	2	8	5	0	0	5	1	0	0	0	0	0	0
DemonSpanky	0	124	151	10	69	0:35	19	3	0	0	0	0	33	0	4	0	0	0	1	0	0	0	0	0	0	0
Den 117	0	82	41	7	43	0:22	13	2	0	0	0	0	28	0	5	0	0	0	6	0	0	0	0	0	0	0
DentedMagnet2	0	51	22	1	20	0:35	5	0	0	0	0	0	15	2	6	1	1	0	4	0	0	0	0	0	0	0
DevilSlayer777	1	55	37	32	17	1:01	0	0	0	0	0	0	11	3	3	3	4	0	2	1	0	0	0	1	2	1
dexkeel	0	45	45	2	19	0:18	5	0	0	0	0	0	16	0	2	1	0	0	2	0	0	0	0	0	0	0
dfsixstring	0	0	0	0	0	0:01	0	0	0	0	0	0	0	0	0	0	0	0	0	0	0	0	0	0	0	0
diamond boy987	0	0	0	0	0	0:00	0	0	0	0	0	0	0	0	0	0	0	0	0	0	0	0	0	0	0	0
Diogo Ghost 177	0	0	0	0	0	0:00	0	0	0	0	0	0	0	0	0	0	0	0	0	0	0	0	0	0	0	0
DJ Brian VT	0	0	0	0	0	0:07	0	0	0	0	0	0	0	0	0	0	0	0	0	0	0	0	0	0	0	0
DJS Fre3zZSnIp3	0	39	22	1	35	0:06	10	4	1	0	0	0	1	0	1	0	0	0	3	0	0	0	0	0	0	0
DJS I BlizZzard	0	28	19	1	16	0:09	4	0	0	0	0	0	26	0	1	1	0	0	1	0	0	0	0	0	0	0
DJS i DarkSnip3	0	218	122	16	149	0:51	31	12	5	1	0	0	51	0	18	9	0	0	11	0	0	0	0	0	0	0
DJS Medicate	0	76	13	6	42	0:30	8	3	1	0	0	0	13	0	3	1	0	0	5	1	1	1	1	1	1	0
DJS R3Ap3R	2	119	31	5	79	0:23	20	4	3	1	0	0	10	0	13	4	0	3	9	1	0	0	0	0	1	3
DJS ReaListiK	0	314	128	16	177	1:18	43	11	6	1	0	0	230	0	19	10	1	1	22	3	0	0	0	0	0	0
DJS Striker	0	61	117	13	29	1:20	2	0	0	0	0	0	47	0	3	3	0	0	0	0	0	0	0	0	0	0
djsamuel509	0	13	76	12	2	1:02	0	0	0	0	0	0	6	1	2	0	0	0	0	0	0	0	0	0	0	1
dk at the beach	0	5	21	3	0	0:10	0	0	0	0	0	0	0	3	2	0	0	0	0	0	0	0	0	0	0	0
Dk Chang	0	5	29	1	0	0:14	0	0	0	0	0	0	0	0	2	1	2	0	0	0	0	0	0	0	1	0
DKDEH	0	0	2	0	0	0:02	0	0	0	0	0	0	0	0	0	0	0	0	0	0	0	0	0	0	0	0
DLoveMd	0	0	0	0	0	0:02	0	0	0	0	0	0	0	0	0	0	0	0	0	0	0	0	0	0	0	0
DMSMARINE	0	150	122	34	45	1:18	13	2	0	0	0	0	50	9	21	6	1	0	8	1	0	0	0	0	1	0
Doag1000	0	108	93	14	20	1:29	6	0	0	0	0	0	11	2	36	12	1	0	4	0	0	0	0	0	0	0
DOGGOD1	0	5	5	1	1	0:07	0	0	0	0	0	0	0	2	0	0	0	0	0	0	0	0	0	0	0	0
DogwoodBlossoms	2	4	1	0	0	0:08	0	0	0	0	0	0	0	1	0	1	0	0	0	0	0	0	0	2	0	0
DomeTEP	0	11	19	1	2	0:18	0	0	0	0	0	0	4	0	4	2	0	0	0	0	0	0	0	0	1	1
DomNL	0	10	9	1	2	0:12	0	0	0	0	0	0	0	2	2	2	1	0	0	0	0	0	0	0	0	0
donaldc58	0	0	7	0	0	0:12	0	0	0	0	0	0	0	0	0	0	0	0	0	0	0	0	0	0	0	0
DoNotBleedOut	0	41	35	10	7	1:32	0	0	0	0	0	0	0	3	12	10	1	0	1	0	0	0	0	0	4	4
Donpolvo	0	152	93	24	55	1:01	3	1	0	0	0	0	140	0	7	3	0	0	8	0	0	0	0	0	0	0
donteasinferno	0	7	5	6	0	0:12	0	0	0	0	0	0	0	4	0	0	0	0	0	0	0	0	0	0	0	0
DozenKiller man	0	0	15	2	0	0:11	0	0	0	0	0	0	0	0	0	0	0	0	0	0	0	0	0	0	0	0
Dr PopsicleGums	0	1	3	0	0	0:01	0	0	0	0	0	0	0	0	0	0	0	0	0	0	0	0	0	0	0	0
DragonBlack2547	0	44	26	5	11	0:10	8	1	0	0	0	0	3	0	8	6	0	0	3	0	0	0	0	0	0	0
dragongod6k	0	0	1	0	0	0:01	0	0	0	0	0	0	0	0	0	0	0	0	0	0	0	0	0	0	0	0
dragonic5	0	19	10	0	6	0:23	0	0	0	0	0	0	12	0	2	2	0	1	0	0	0	0	0	0	0	0
DragonMarines	0	0	0	0	0	0:00	0	0	0	0	0	0	0	0	0	0	0	0	0	0	0	0	0	0	0	0
Dramdunda	0	321	295	37	134	3:03	36	4	0	0	0	0	176	5	20	10	1	0	10	1	0	0	0	0	0	0
drftr117	1	1	6	1	1	0:02	0	0	0	0	0	0	0	0	0	0	0	0	0	0	0	0	0	0	0	0
DriverDrack	1	64	98	45	15	1:55	1	0	0	0	0	0	7	2	5	1	0	0	0	0	0	0	0	0	3	0
droopdog1979	0	23	24	2	21	0:06	3	0	0	0	0	0	0	0	1	0	0	0	0	0	0	0	0	0	0	0
dropdrupdrep	0	26	36	10	18	0:13	2	0	0	0	0	0	0	0	3	0	0	0	0	0	0	0	0	0	0	0
DRSouljaKID	0	25	63	17	2	0:30	3	0	0	0	0	0	0	0	3	2	0	0	0	0	0	0	0	0	0	0
DrtraumaTy	1	14	10	3	0	0:18	0	0	0	0	0	0	0	2	6	1	0	0	1	1	0	0	0	1	0	1
drummer1911	0	0	0	0	0	0:00	0	0	0	0	0	0	0	0	0	0	0	0	0	0	0	0	0	0	0	0
DS GRADIUS	1	54	22	7	33	0:35	1	0	0	0	0	0	43	0	1	0	2	0	3	0	0	0	0	0	1	1
DSADAM97	1	92	17	17	48	1:18	6	0	0	0	0	0	52	6	5	3	1	0	6	3	2	2	2	0	3	3
dude 8 u	0	1	0	0	0	0:05	0	0	0	0	0	0	0	1	0	0	0	0	0	0	0	0	0	0	0	0
dullais	0	0	0	0	0	0:08	0	0	0	0	0	0	0	0	0	0	0	0	0	0	0	0	0	0	0	0
dylan1234567	0	0	0	0	0	0:00	0	0	0	0	0	0	0	0	0	0	0	0	0	0	0	0	0	0	0	0
Dylemma Dodger	0	0	0	0	0	0:01	0	0	0	0	0	0	0	0	0	0	0	0	0	0	0	0	0	0	0	0
Dynamic Cyclone	0	24	1	3	0	0:23	0	0	0	0	0	0	0	0	1	0	0	0	1	1	1	1	1	0	0	2
Eboy28	0	11	26	1	3	0:13	0	0	0	0	0	0	4	0	1	1	0	0	0	0	0	0	0	0	0	0
eccess	0	0	0	0	0	0:01	0	0	0	0	0	0	0	0	0	0	0	0	0	0	0	0	0	0	0	0
EcD Sa1nT	0	6	9	0	4	0:06	1	0	0	0	0	0	0	0	1	0	0	0	0	0	0	0	0	0	0	0
Edd1e the k1d	0	8	31	2	3	0:13	1	0	0	0	0	0	7	0	0	1	0	0	0	0	0	0	0	0	0	0
Edgr Alln Pwn	0	36	22	10	27	0:16	1	0	0	0	0	0	1	0	2	1	0	0	2	0	0	0	0	0	0	0
EGRick	0	0	0	0	0	0:02	0	0	0	0	0	0	0	0	0	0	0	0	0	0	0	0	0	0	0	0
eigendrift	1	37	28	12	24	0:42	2	0	0	0	0	0	0	1	1	0	1	0	0	0	0	0	0	1	0	0
Ekholm93	0	11	44	3	2	0:21	0	0	0	0	0	0	7	0	0	1	0	0	0	0	0	0	0	0	0	0
El Penguin0	0	1	9	0	0	0:05	0	0	0	0	0	0	0	0	0	0	0	0	0	0	0	0	0	0	0	0
Eldiabloenlaweb	0	0	0	0	0	0:01	0	0	0	0	0	0	0	0	0	0	0	0	0	0	0	0	0	0	0	0
eldiablus	0	1	0	0	0	0:01	0	0	0	0	0	0	0	0	0	0	0	0	0	0	0	0	0	0	1	1
elmatador8869	0	85	72	48	7	1:57	6	2	0	0	0	0	3	8	5	0	3	0	6	2	0	0	0	0	0	0
emvious t00	3	54	14	6	13	0:38	5	0	0	0	0	0	12	2	10	0	1	0	5	2	0	0	0	2	4	2
enviroboy01	0	2	4	4	0	0:10	0	0	0	0	0	0	0	1	0	0	0	0	0	0	0	0	0	0	1	1
eolesen	0	9	28	4	1	0:23	0	0	0	0	0	0	0	3	2	0	1	0	0	0	0	0	0	0	1	2
Ep1cK4ang4r00	0	4	4	2	3	0:03	0	0	0	0	0	0	0	0	0	0	0	0	0	0	0	0	0	0	0	0
epicfailure456	0	8	5	0	2	0:11	0	0	0	0	0	0	4	1	1	1	0	0	1	0	0	0	0	0	0	0
eps1lon3	0	44	21	8	14	0:35	6	1	0	0	0	0	6	1	5	0	1	0	3	0	0	0	0	2	0	0
esalika0	0	9	5	0	5	0:08	1	0	0	0	0	0	0	0	1	1	0	0	0	0	0	0	0	0	0	0
EvenHelo	11	123	73	28	12	3:28	9	0	0	0	0	0	0	12	41	16	5	0	7	2	0	0	0	1	0	4
evgpwns	0	17	24	6	4	0:22	0	0	0	0	0	0	0	0	4	2	0	1	1	0	0	0	0	0	1	0
EvilBetty333	2	5	4	0	0	0:12	0	0	0	0	0	0	0	0	1	1	0	1	0	0	0	0	0	2	0	0
EvilChozonX	1	10	10	9	2	0:25	0	0	0	0	0	0	0	0	1	1	0	0	1	0	0	0	0	0	1	0
Exige S2	0	24	7	0	4	0:11	2	1	0	0	0	0	23	0	1	0	0	0	2	0	0	0	0	0	0	0
ExmarkBladeX3	0	1	12	0	0	0:25	0	0	0	0	0	0	0	0	0	0	0	0	0	0	0	0	0	0	0	0
eXoDuS waVe	0	134	114	36	59	1:01	8	3	1	0	0	0	19	2	20	12	3	1	6	0	0	0	0	0	0	0
eXoTic Ghost	0	32	36	16	16	0:13	2	0	0	0	0	0	0	0	8	3	0	1	0	0	0	0	0	0	0	0
ExpertBean	0	13	20	6	0	0:27	1	1	1	0	0	0	0	0	4	1	2	0	0	0	0	0	0	1	2	1
Factiv	0	0	1	0	0	0:00	0	0	0	0	0	0	0	0	0	0	0	0	0	0	0	0	0	0	0	0
FadedHelios	1	31	28	5	2	0:39	2	0	0	0	0	0	9	10	1	3	0	0	1	1	0	0	0	0	0	3
FamousLionDog	3	70	38	14	11	1:09	3	1	0	0	0	0	26	32	3	0	1	0	4	1	1	1	1	1	2	2
Faroe BrooooN E	0	69	35	4	24	0:19	11	0	0	0	0	0	56	0	7	2	0	0	5	0	0	0	0	0	0	0
fatlikeo	0	18	43	7	2	0:34	1	0	0	0	0	0	3	0	1	1	0	0	0	0	0	0	0	0	0	0
Feanor15	0	2	10	0	0	0:07	0	0	0	0	0	0	0	0	1	1	0	0	0	0	0	0	0	0	0	0
FelixLife	0	0	0	0	0	0:01	0	0	0	0	0	0	0	0	0	0	0	0	0	0	0	0	0	0	0	0
FelixR	0	2	12	1	2	0:11	0	0	0	0	0	0	0	0	0	0	0	0	0	0	0	0	0	0	0	0
FerreoX	7	249	187	91	21	5:59	14	0	0	0	0	0	1	29	19	8	8	0	15	4	1	0	0	0	2	0
FINSHED23	0	0	0	0	0	0:00	0	0	0	0	0	0	0	0	0	0	0	0	0	0	0	0	0	0	0	0
fireflyusmc7	0	16	15	4	0	0:19	2	0	0	0	0	0	0	3	2	1	0	0	1	0	0	0	0	0	1	0
FirePheonix77	0	0	7	2	0	0:11	0	0	0	0	0	0	0	0	0	0	0	0	0	0	0	0	0	0	0	1
firetobi	0	277	169	16	221	0:47	52	21	9	2	0	0	1	0	28	8	0	0	18	2	0	0	0	0	0	0
FiveAces135	0	11	15	4	4	0:21	0	0	0	0	0	0	0	0	2	2	1	0	0	0	0	0	0	0	0	0
FIVEBARTELTS	0	7	14	4	3	0:28	1	0	0	0	0	0	3	0	1	0	0	0	0	0	0	0	0	0	1	0
Flameraiding	0	105	192	30	23	2:08	3	1	0	0	0	0	48	1	21	9	2	0	3	1	1	1	1	1	1	1
FlameWizard123	0	0	0	0	0	0:00	0	0	0	0	0	0	0	0	0	0	0	0	0	0	0	0	0	0	0	0
Flamingtiga	0	13	19	6	0	0:15	0	0	0	0	0	0	0	0	6	1	0	0	0	0	0	0	0	0	0	0
Flash x Thunder	0	0	0	0	0	0:00	0	0	0	0	0	0	0	0	0	0	0	0	0	0	0	0	0	0	0	0
FlashkillPA	0	7	20	4	2	0:03	1	0	0	0	0	0	0	0	1	0	0	0	0	0	0	0	0	0	0	0
florben5	0	0	0	0	0	0:00	0	0	0	0	0	0	0	0	0	0	0	0	0	0	0	0	0	0	0	0
flyboy0797	0	6	8	1	2	0:09	0	0	0	0	0	0	4	0	0	0	0	0	0	0	0	0	0	0	0	0
fogiggly	2	1	5	0	0	0:10	0	0	0	0	0	0	0	0	1	0	1	0	0	0	0	0	0	0	2	0
footbalfutbol17	0	7	13	0	0	0:07	0	0	0	0	0	0	7	0	0	0	0	0	0	0	0	0	0	0	0	0
fortheeperor	0	1	0	0	0	0:00	0	0	0	0	0	0	0	0	0	0	0	0	0	0	0	0	0	0	0	0
Fourteenlines	0	0	0	0	0	0:00	0	0	0	0	0	0	0	0	0	0	0	0	0	0	0	0	0	0	0	0
foxkiller007	0	0	1	0	0	0:00	0	0	0	0	0	0	0	0	0	0	0	0	0	0	0	0	0	0	0	0
FoxtrotUnicorn2	0	13	25	21	2	0:38	0	0	0	0	0	0	1	4	2	0	0	0	0	0	0	0	0	0	0	1
fozzeh	0	0	0	0	0	0:00	0	0	0	0	0	0	0	0	0	0	0	0	0	0	0	0	0	0	0	0
FramedHEREDIA	3	21	78	20	4	1:47	0	0	0	0	0	0	5	2	4	1	2	0	0	0	0	0	0	0	3	3
Franko60	3	2	6	1	1	0:18	0	0	0	0	0	0	0	0	0	0	0	0	0	0	0	0	0	5	0	0
freddyy2230	0	9	24	5	2	0:23	0	0	0	0	0	0	3	1	1	1	0	0	0	0	0	0	0	0	0	0
Fredi59	0	0	3	0	0	0:16	0	0	0	0	0	0	0	0	0	0	0	0	0	0	0	0	0	0	0	0
Fremen King	0	0	0	0	0	0:01	0	0	0	0	0	0	0	0	0	0	0	0	0	0	0	0	0	0	0	0
freshmeat789	0	17	12	1	4	0:04	0	0	0	0	0	0	16	0	1	0	0	0	1	0	0	0	0	0	0	0
fried2the8	0	42	55	11	6	0:31	1	0	0	0	0	0	9	0	5	0	0	0	0	0	0	0	0	0	0	0
FrontalGalaxy	0	18	21	1	2	0:17	0	0	0	0	0	0	18	0	0	0	0	0	1	0	0	0	0	0	0	0
FryLocK 5000	0	19	24	3	11	0:04	2	2	1	0	0	0	0	0	4	2	0	0	0	0	0	0	0	0	0	0
FUBAR2069	0	0	0	0	0	0:02	0	0	0	0	0	0	0	0	0	0	0	0	0	0	0	0	0	0	0	0
Fujiknight	0	2	7	2	1	0:05	0	0	0	0	0	0	0	0	0	0	0	0	0	0	0	0	0	0	0	0
fullmetal droid	1	23	30	21	3	0:52	2	1	0	0	0	0	2	9	0	0	1	0	2	0	0	0	0	0	0	0
FuLMetaL DeimoZ	0	229	104	34	98	0:58	24	5	2	1	0	0	38	0	45	11	0	2	13	3	1	1	1	0	0	0
funguydie	0	6	6	4	2	0:12	1	0	0	0	0	0	2	1	1	0	0	0	0	0	0	0	0	0	2	0
FunkierMexican	0	0	1	0	0	0:01	0	0	0	0	0	0	0	0	0	0	0	0	0	0	0	0	0	0	0	0
Futur iZ Back	0	36	31	3	18	0:22	1	0	0	0	0	0	13	0	6	3	0	0	2	0	0	0	0	0	0	0
Fuzzypickle1000	0	8	9	2	0	0:19	2	0	0	0	0	0	0	6	1	1	0	0	0	0	0	0	0	0	0	0
GadgetTunes	0	0	0	0	0	0:00	0	0	0	0	0	0	0	0	0	0	0	0	0	0	0	0	0	0	0	0
gage121992	1	14	15	9	0	0:32	0	0	0	0	0	0	2	2	5	0	0	0	1	0	0	0	0	0	2	0
Galtribrix	0	63	23	1	53	0:10	11	4	2	1	0	0	0	0	3	0	0	0	5	0	0	0	0	0	0	0
GAMEEXPERT2010	0	0	2	0	0	0:05	0	0	0	0	0	0	0	0	0	0	0	0	0	0	0	0	0	0	0	0
Gamerz67	0	3	6	0	0	0:02	0	0	0	0	0	0	0	0	2	1	0	0	0	0	0	0	0	0	0	0
GangsterChileno	0	26	3	0	1	0:07	2	0	0	0	0	0	0	0	13	10	0	0	1	1	1	1	0	0	0	0
GARNyne	0	0	0	0	0	0:00	0	0	0	0	0	0	0	0	0	0	0	0	0	0	0	0	0	0	0	0
Garuru Mosnter	6	12	68	5	2	1:09	0	0	0	0	0	0	2	2	2	0	2	0	0	0	0	0	0	1	1	0
gazzale	0	1	2	0	0	0:01	0	0	0	0	0	0	0	1	0	0	0	0	0	0	0	0	0	0	0	0
Gears of hunter	0	0	0	0	0	0:00	0	0	0	0	0	0	0	0	0	0	0	0	0	0	0	0	0	0	0	0
Geepee27	0	0	0	0	0	0:00	0	0	0	0	0	0	0	0	0	0	0	0	0	0	0	0	0	0	0	0
gene Tome	0	91	80	11	86	0:17	18	6	1	0	0	0	0	0	0	1	0	0	2	0	0	0	0	0	0	0
General Grak	1	5	11	3	0	0:16	0	0	0	0	0	0	0	1	1	2	0	0	0	0	0	0	0	0	3	2
General Lehgen	0	0	0	0	0	0:01	0	0	0	0	0	0	0	0	0	0	0	0	0	0	0	0	0	0	0	0
GeneralMcBadass	0	306	134	43	116	0:51	56	16	8	1	0	0	68	0	59	32	0	0	19	1	0	0	0	0	0	0
george12340	0	17	28	12	0	0:45	0	0	0	0	0	0	0	0	3	0	2	0	1	0	0	0	0	1	0	1
Ginga Calum	2	36	50	22	4	1:29	1	0	0	0	0	0	2	5	13	3	3	0	2	0	0	0	0	0	0	0
giusy400	0	0	0	0	0	0:00	0	0	0	0	0	0	0	0	0	0	0	0	0	0	0	0	0	0	0	0
gladiadorzero	2	6	20	2	1	0:24	0	0	0	0	0	0	0	0	1	0	2	0	0	0	0	0	0	0	2	0
Glaedr122	0	0	0	0	0	0:04	0	0	0	0	0	0	0	0	0	0	0	0	0	0	0	0	0	0	0	0
Gmanmik	0	1	1	0	1	0:03	0	0	0	0	0	0	1	0	0	0	0	0	0	0	0	0	0	0	0	0
GNASHER 117	1	27	31	18	4	0:57	1	0	0	0	0	0	6	6	2	2	1	0	2	0	0	0	0	0	1	6
gohey2	0	26	25	2	7	0:32	3	1	0	0	0	0	0	10	4	2	1	0	1	0	0	0	0	0	0	0
goku2398	0	0	0	0	0	0:00	0	0	0	0	0	0	0	0	0	0	0	0	0	0	0	0	0	0	0	0
GoldBasher	0	0	0	0	0	0:00	0	0	0	0	0	0	0	0	0	0	0	0	0	0	0	0	0	0	0	0
Goldfishzombie	1	2	6	1	0	0:08	0	0	0	0	0	0	0	1	1	0	0	0	0	0	0	0	0	2	0	0
Golfman71	0	26	32	9	17	0:15	0	0	0	0	0	0	2	0	0	1	0	0	1	0	0	0	0	0	0	0
GoluckyTomcat	0	0	0	0	0	0:00	0	0	0	0	0	0	0	0	0	0	0	0	0	0	0	0	0	0	0	0
GoNNa FLY HiiGh	0	0	0	0	0	0:00	0	0	0	0	0	0	0	0	0	0	0	0	0	0	0	0	0	0	0	0
Gouryella Odin	0	18	6	0	5	0:02	4	0	0	0	0	0	18	0	0	0	0	0	1	0	0	0	0	0	0	0
Gr4fGold	0	3	3	0	1	0:01	0	0	0	0	0	0	3	0	0	0	0	0	0	0	0	0	0	0	0	0
GrAvItYbOb	1	29	38	7	3	0:39	1	0	0	0	0	0	0	12	6	2	0	0	2	0	0	0	0	0	0	1
gravitysword	0	7	5	2	4	0:08	0	0	0	0	0	0	0	0	0	1	0	0	0	0	0	0	0	1	0	1
gravyboii	0	0	0	0	0	0:00	0	0	0	0	0	0	0	0	0	0	0	0	0	0	0	0	0	0	0	0
Gree 217	0	0	0	0	0	0:07	0	0	0	0	0	0	0	0	0	0	0	0	0	0	0	0	0	0	0	0
greengiant01	0	0	3	1	0	0:05	0	0	0	0	0	0	0	0	0	0	0	0	0	0	0	0	0	0	0	0
GROBLE7394	0	5	4	5	0	0:10	0	0	0	0	0	0	0	2	0	0	0	0	0	0	0	0	0	0	0	0
grubnutz	0	0	1	0	0	0:02	0	0	0	0	0	0	0	0	0	0	0	0	0	0	0	0	0	0	0	0
Gruntkiller101	1	24	33	4	8	1:10	1	0	0	0	0	0	13	1	1	1	0	0	1	0	0	0	0	0	0	2
gtturbo46	0	0	0	0	0	0:00	0	0	0	0	0	0	0	0	0	0	0	0	0	0	0	0	0	0	0	0
guate54	0	42	24	12	22	0:06	11	0	0	0	0	0	7	0	5	1	0	0	1	0	0	0	0	0	0	0
guilian91	0	8	22	3	4	0:26	0	0	0	0	0	0	8	0	0	0	0	0	0	0	0	0	0	0	0	0
gunhill74	0	26	28	15	5	0:57	1	0	0	0	0	0	0	1	2	2	0	0	0	0	0	0	0	1	0	1
gutterhead	0	3	4	0	2	0:08	0	0	0	0	0	0	3	0	0	0	0	0	0	0	0	0	0	0	0	0
gwd reaper	0	88	244	17	2	3:49	1	0	0	0	0	0	8	1	18	13	0	4	1	0	0	0	0	0	0	0
H2V Kills Alone	0	13	2	1	4	0:08	2	0	0	0	0	0	13	0	0	0	0	0	2	0	0	0	0	0	0	0
H3RO4HIR3	0	43	42	20	7	1:12	1	0	0	0	0	0	1	3	5	1	0	0	3	0	0	0	0	0	1	0
HackNoob	0	42	34	7	22	0:16	2	0	0	0	0	0	40	0	1	1	0	0	2	0	0	0	0	0	0	0
Hagi33	0	7	22	2	0	0:21	2	0	0	0	0	0	1	0	1	0	0	0	0	0	0	0	0	0	0	0
hal192	0	27	51	10	2	0:15	0	0	0	0	0	0	2	0	9	6	0	0	1	0	0	0	0	0	0	0
Haldur1993	3	89	104	48	5	2:38	4	0	0	0	0	0	1	10	25	4	7	0	5	0	0	0	0	6	1	0
halo el hunto	0	1	6	1	0	0:05	0	0	0	0	0	0	0	0	1	0	0	0	0	0	0	0	0	0	0	1
halo emperer	0	13	58	1	5	0:44	0	0	0	0	0	0	2	0	3	0	0	0	0	0	0	0	0	0	0	0
Halo Ruben	0	17	47	11	2	0:36	1	0	0	0	0	0	0	3	1	0	2	0	0	0	0	0	0	0	1	1
Halo2Smasher	0	2	6	0	0	0:02	0	0	0	0	0	0	0	0	0	0	0	0	0	0	0	0	0	0	0	0
halo4556	1	0	0	0	0	0:02	0	0	0	0	0	0	0	0	0	0	0	0	0	0	0	0	0	1	0	0
HaloBot1	0	67	12	2	40	0:23	7	3	0	0	0	0	18	1	14	4	0	0	5	1	1	1	1	0	0	0
halokillerxxx	0	13	20	3	1	0:25	1	0	0	0	0	0	0	2	8	2	2	0	1	0	0	0	0	0	0	0
HAM90	0	35	40	2	20	0:22	1	0	0	0	0	0	33	0	1	0	0	0	0	0	0	0	0	0	0	0
Hammerbart	0	91	113	12	25	0:56	7	1	0	0	0	0	43	1	5	7	1	0	4	0	0	0	0	0	0	0
HappySasja	0	5	6	2	2	0:07	0	0	0	0	0	0	5	0	0	0	0	0	0	0	0	0	0	0	0	0
HardLuckAce	0	0	0	0	0	0:00	0	0	0	0	0	0	0	0	0	0	0	0	0	0	0	0	0	0	0	0
harley usatov	0	0	0	0	0	0:00	0	0	0	0	0	0	0	0	0	0	0	0	0	0	0	0	0	0	0	0
HAZMATArea51	0	0	0	0	0	0:00	0	0	0	0	0	0	0	0	0	0	0	0	0	0	0	0	0	0	0	0
HBK TYLER	0	24	55	6	3	0:18	2	0	0	0	0	0	0	0	6	2	0	0	0	0	0	0	0	0	0	0
HeardKill Zone	0	130	189	22	34	1:27	5	0	0	0	0	0	50	0	22	10	0	0	1	0	0	0	0	0	0	0
Hedrocs	0	0	0	0	0	0:02	0	0	0	0	0	0	0	0	0	0	0	0	0	0	0	0	0	0	0	0
hellboyJ	0	1	8	0	0	0:06	0	0	0	0	0	0	0	0	0	0	0	0	0	0	0	0	0	0	0	0
HENRY CALIENTE	2	23	37	4	3	1:30	0	0	0	0	0	0	10	3	2	2	3	0	0	0	0	0	0	0	0	2
hentony	0	0	0	0	0	0:00	0	0	0	0	0	0	0	0	0	0	0	0	0	0	0	0	0	0	0	0
hero skillet 10	0	3	11	2	1	0:07	0	0	0	0	0	0	3	0	0	0	0	0	0	0	0	0	0	0	0	0
heroicofhalo	0	0	0	0	0	0:00	0	0	0	0	0	0	0	0	0	0	0	0	0	0	0	0	0	0	0	0
Hevlar	0	19	26	5	2	0:18	1	0	0	0	0	0	2	0	4	1	0	0	1	0	0	0	0	0	0	0
hihellohola05	0	71	62	10	13	0:25	5	1	0	0	0	0	9	0	13	7	0	0	0	0	0	0	0	0	0	0
HippiHaze	0	0	2	0	0	0:00	0	0	0	0	0	0	0	0	0	0	0	0	0	0	0	0	0	0	0	0
HiTm4n KiLla	0	275	178	18	102	1:26	22	4	1	0	0	0	235	1	12	21	0	0	10	2	0	0	0	0	0	0
HlM OVER THERE	0	493	300	42	318	2:07	63	15	3	1	1	0	176	0	19	8	0	2	21	1	0	0	0	0	0	0
hockeyrocks847	0	21	27	7	1	0:35	3	0	0	0	0	0	0	4	0	1	1	1	1	0	0	0	0	0	2	1
Hohenstaufen09	0	21	31	9	2	0:13	0	0	0	0	0	0	0	2	0	1	0	0	1	0	0	0	0	0	0	0
HomelikeDIPU	0	0	14	0	0	0:10	0	0	0	0	0	0	0	0	0	0	0	0	0	0	0	0	0	0	0	0
horantuland96	0	0	0	0	0	0:00	0	0	0	0	0	0	0	0	0	0	0	0	0	0	0	0	0	0	0	0
Hoularob	0	1	7	1	0	0:04	0	0	0	0	0	0	1	0	0	0	0	0	0	0	0	0	0	0	0	0
HSG I LeGeND I	0	12	1	0	3	0:06	0	0	0	0	0	0	0	0	0	0	0	0	1	1	0	0	0	0	0	0
HSG JimBOB	0	68	61	12	33	0:18	5	0	0	0	0	0	9	2	10	5	0	0	2	0	0	0	0	0	0	0
HSG Kani	0	12	6	0	6	0:08	0	0	0	0	0	0	0	0	3	0	0	0	1	0	0	0	0	0	0	0
HSG Lethality	0	50	24	1	35	0:15	2	0	0	0	0	0	24	0	2	2	0	0	3	1	0	0	0	0	0	0
HSI MOMIS	0	0	0	0	0	0:00	0	0	0	0	0	0	0	0	0	0	0	0	0	0	0	0	0	0	0	0
HUICHOL1	0	0	4	0	0	0:03	0	0	0	0	0	0	0	0	0	0	0	0	0	0	0	0	0	1	0	0
huijjari	0	0	0	0	0	0:00	0	0	0	0	0	0	0	0	0	0	0	0	0	0	0	0	0	0	0	0
Hunkoi	0	7	11	0	4	0:06	0	0	0	0	0	0	7	0	0	0	0	0	0	0	0	0	0	0	0	0
Huse19972010	0	22	25	1	8	0:17	1	0	0	0	0	0	19	0	0	0	0	0	1	0	0	0	0	0	0	0
hwuy	0	16	25	3	3	0:28	2	0	0	0	0	0	5	8	0	2	0	0	2	0	0	0	0	0	1	0
I R GaMeY	0	0	0	0	0	0:00	0	0	0	0	0	0	0	0	0	0	0	0	0	0	0	0	0	0	0	0
i4Ni BlinD	0	52	77	16	11	0:22	3	1	0	0	0	0	6	0	6	3	1	0	0	0	0	0	0	0	0	0
i4Ni BreeZe	0	3	0	0	2	0:01	0	0	0	0	0	0	2	0	0	0	0	0	0	0	0	0	0	0	0	0
i4Ni Crys7aL	0	65	14	5	33	0:36	4	0	0	0	0	0	40	0	0	1	0	0	4	1	1	1	1	0	1	0
i4Ni DestroyeR	0	0	1	0	0	0:03	0	0	0	0	0	0	0	0	0	0	0	0	0	0	0	0	0	0	0	0
i4Ni Espada X	0	149	63	17	105	0:38	20	6	2	1	0	0	58	0	6	2	0	0	12	1	0	0	0	0	0	0
i4Ni Insani7y	0	1	6	0	0	0:05	0	0	0	0	0	0	0	0	0	0	0	1	0	0	0	0	0	0	0	0
i4Ni J0keR	1	130	99	15	75	1:53	4	0	0	0	0	0	84	1	10	7	3	0	5	1	0	0	0	0	3	0
i4Ni NeoN	0	94	40	1	49	0:59	10	1	0	0	0	0	62	1	3	2	0	3	7	1	0	0	0	0	0	0
i4Ni RednecK	0	1	3	0	0	0:07	0	0	0	0	0	0	0	0	1	0	0	0	0	0	0	0	0	0	0	0
i4Ni RevengeR	0	108	46	11	65	0:23	13	2	0	0	0	0	25	1	4	4	1	0	7	1	0	0	0	0	0	0
i4Ni Sh1n1gamEE	8	192	113	38	57	4:06	7	0	0	0	0	0	74	1	26	21	1	1	8	1	0	0	0	0	1	5
i4Ni Vanguard	0	12	12	0	1	0:21	0	0	0	0	0	0	0	0	0	0	0	0	0	0	0	0	0	0	0	0
i4Ni Voltage	0	213	72	23	148	0:56	30	5	2	2	0	0	92	3	17	5	0	2	11	3	1	1	1	0	3	0
i4Ni Weezy	1	176	113	20	95	1:06	30	3	0	0	0	0	18	40	10	5	0	0	3	1	1	1	1	1	1	1
ibehalo	0	65	109	12	8	0:52	3	1	0	0	0	0	12	0	20	3	0	0	1	0	0	0	0	0	0	0
ICE TEA444	1	93	18	11	9	0:57	9	3	1	1	0	0	15	22	7	6	0	1	5	2	2	2	1	1	1	0
IconicGhost9999	0	5	68	6	0	0:43	0	0	0	0	0	0	0	0	2	0	0	0	0	0	0	0	0	0	0	0
Idee8	0	54	25	5	5	0:53	3	0	0	0	0	0	7	7	1	1	2	0	2	2	2	1	1	2	0	0
iDiSCiPL3	0	670	238	26	434	1:31	152	48	17	10	2	5	222	0	14	4	1	0	49	11	1	1	0	0	0	0
ignis36	0	52	36	9	19	0:25	3	1	0	0	0	0	40	1	8	0	1	0	1	1	0	0	0	0	0	1
IHRC	0	3	0	1	0	0:06	0	0	0	0	0	0	1	0	0	1	0	0	0	0	0	0	0	0	1	0
III HALO 2 III	0	81	92	10	32	1:01	4	1	0	0	0	0	63	3	3	1	0	0	1	0	0	0	0	0	0	0
III Prisma III	2	35	33	5	12	0:16	4	0	0	0	0	0	4	1	13	2	0	0	0	0	0	0	0	0	0	1
iItch	0	13	9	0	5	0:04	2	0	0	0	0	0	13	0	0	0	0	0	0	0	0	0	0	0	0	0
ikillu157	0	0	3	1	0	0:02	0	0	0	0	0	0	0	0	0	0	0	0	0	0	0	0	0	0	0	0
iKiNg809	0	0	0	0	0	0:00	0	0	0	0	0	0	0	0	0	0	0	0	0	0	0	0	0	0	0	0
ILastME	2	15	26	7	2	0:43	0	0	0	0	0	0	6	3	1	2	0	0	0	0	0	0	0	0	0	2
ILikeToExplode	0	0	0	0	0	0:00	0	0	0	0	0	0	0	0	0	0	0	0	0	0	0	0	0	0	0	0
iluxgio10	0	1	0	0	0	0:01	0	0	0	0	0	0	1	0	0	0	0	0	0	0	0	0	0	0	0	0
ImperfectG	4	80	32	9	10	1:09	7	1	0	0	0	0	11	20	20	13	1	1	6	0	0	0	0	0	0	3
InfectedAndre95	0	0	0	0	0	0:02	0	0	0	0	0	0	0	0	0	0	0	0	0	0	0	0	0	0	0	0
InhaleSmokeMan	0	32	58	13	7	0:28	2	0	0	0	0	0	5	0	10	5	0	0	0	0	0	0	0	1	0	0
InhumanePlace34	0	3	12	1	0	0:20	0	0	0	0	0	0	0	2	1	0	0	0	0	0	0	0	0	0	0	0
Iniolator V2	0	1	1	0	0	0:00	0	0	0	0	0	0	0	0	1	0	0	0	0	0	0	0	0	0	0	0
Ionutt3	0	0	4	2	0	0:01	0	0	0	0	0	0	0	0	0	0	0	0	0	0	0	0	0	0	0	0
iPuIsar	0	6	2	0	4	0:01	0	0	0	0	0	0	5	0	0	1	0	0	0	0	0	0	0	0	0	0
Iron Bull Z	0	0	0	0	0	0:00	0	0	0	0	0	0	0	0	0	0	0	0	0	0	0	0	0	0	0	0
Ironpuck	2	54	40	9	15	0:55	2	0	0	0	0	0	29	3	5	2	0	0	2	0	0	0	0	2	5	0
Ironshroom	0	0	0	0	0	0:00	0	0	0	0	0	0	0	0	0	0	0	0	0	0	0	0	0	0	0	0
ishibukuro	0	11	20	2	2	0:11	0	0	0	0	0	0	11	0	0	0	0	0	0	0	0	0	0	0	0	0
ism33l	0	14	7	0	12	0:08	0	0	0	0	0	0	0	0	1	0	0	0	1	0	0	0	0	0	0	0
isso ai	0	2	10	1	0	0:11	0	0	0	0	0	0	0	0	1	0	0	0	0	0	0	0	0	0	0	0
ItalianGamer21	0	0	0	0	0	0:00	0	0	0	0	0	0	0	0	0	0	0	0	0	0	0	0	0	0	0	0
itsdoordie	0	5	9	0	0	0:06	0	0	0	0	0	0	0	3	1	1	0	0	0	0	0	0	0	0	0	0
iTwich	0	244	66	14	109	0:46	43	6	2	0	0	0	126	0	18	9	0	0	19	5	1	1	1	1	1	1
iTz CHILLYxX	0	11	5	0	10	0:11	0	0	0	0	0	0	3	0	0	0	0	0	1	1	0	0	0	0	0	0
iTzDJsfutbol	0	397	272	30	230	1:48	52	14	3	0	0	0	192	0	6	5	0	1	16	2	0	0	0	0	0	0
ixE Envious	0	399	127	21	188	0:49	84	31	12	1	1	0	192	0	9	6	0	0	29	6	0	0	0	0	0	0
IXIx Tacos xIXI	0	135	80	8	70	0:56	9	4	0	0	0	0	130	0	3	2	0	0	9	4	0	0	0	0	0	0
J UNIT 55 Cent	0	1	3	0	1	0:08	0	0	0	0	0	0	1	0	0	0	0	0	0	0	0	0	0	0	0	0
J309968762905	0	25	28	5	5	0:22	1	0	0	0	0	0	0	4	0	0	1	0	1	0	0	0	0	0	1	0
J4R0N	0	23	27	4	6	0:15	0	0	0	0	0	0	20	0	2	0	0	0	1	0	0	0	0	0	0	0
j5th	0	0	0	0	0	0:00	0	0	0	0	0	0	0	0	0	0	0	0	0	0	0	0	0	0	0	0
jackiswowed	0	0	9	0	0	0:05	0	0	0	0	0	0	0	0	0	0	0	0	0	0	0	0	0	0	0	1
jacktheripperki	0	1	9	0	0	0:01	0	0	0	0	0	0	0	0	0	0	0	0	0	0	0	0	0	0	0	0
Jacxo	0	1	2	0	0	0:00	0	0	0	0	0	0	0	0	0	0	0	0	0	0	0	0	0	0	0	0
JaKo 1z El1t3	0	0	1	0	0	0:01	0	0	0	0	0	0	0	0	0	0	0	0	0	0	0	0	0	0	0	0
jakotopolis	0	5	5	0	0	0:10	0	0	0	0	0	0	0	0	1	2	0	0	0	0	0	0	0	0	0	0
jamacayahdead	0	2	13	3	0	0:14	0	0	0	0	0	0	0	0	2	0	0	0	0	0	0	0	0	0	0	0
Jamasen	0	1	7	1	0	0:05	0	0	0	0	0	0	0	0	0	0	0	0	0	0	0	0	0	0	0	0
JamesT73	0	0	2	0	0	0:03	0	0	0	0	0	0	0	0	0	0	0	0	0	0	0	0	0	0	0	0
jamsdolpw	0	1	4	0	1	0:03	0	0	0	0	0	0	0	0	0	0	1	0	0	0	0	0	0	0	0	0
Jan Dsa15	0	4	10	1	3	0:11	0	0	0	0	0	0	4	0	0	0	0	0	0	0	0	0	0	0	0	0
Janeeisskloar	0	0	0	0	0	0:00	0	0	0	0	0	0	0	0	0	0	0	0	0	0	0	0	0	0	0	0
janitus	0	19	20	2	14	0:10	2	0	0	0	0	0	14	0	0	0	0	1	0	0	0	0	0	0	0	0
Jannispitz2009	0	2	7	1	0	0:01	0	0	0	0	0	0	0	0	0	1	0	0	0	0	0	0	0	0	0	0
jaredjross	0	0	0	0	0	0:00	0	0	0	0	0	0	0	0	0	0	0	0	0	0	0	0	0	0	0	0
jason kills u	1	23	3	4	4	0:40	0	0	0	0	0	0	10	3	4	0	0	0	2	1	0	0	0	0	1	0
Jay Kun Aguero	1	2	9	7	1	0:22	0	0	0	0	0	0	0	0	0	0	0	0	0	0	0	0	0	1	0	0
jayroki 77	0	122	64	18	34	0:51	6	0	0	0	0	0	9	0	40	10	0	3	8	2	1	1	0	0	0	0
JazRoc	0	180	142	34	23	0:59	10	3	0	0	0	0	20	0	37	21	0	1	6	1	0	0	0	0	0	0
JBAceves	0	0	0	0	0	0:01	0	0	0	0	0	0	0	0	0	0	0	0	0	0	0	0	0	0	0	0
Jediguy25	0	20	13	6	10	0:08	1	0	0	0	0	0	2	0	0	1	0	0	1	0	0	0	0	0	0	0
JEFF GORDON 55	0	75	92	10	2	0:59	1	0	0	0	0	0	6	0	6	1	0	0	2	0	0	0	0	0	0	0
JehoSkate	0	0	1	0	0	0:00	0	0	0	0	0	0	0	0	0	0	0	0	0	0	0	0	0	0	0	0
jellzilla	0	5	5	0	2	0:02	0	0	0	0	0	0	4	0	0	1	0	0	0	0	0	0	0	0	0	0
jenilfranco	0	0	0	0	0	0:00	0	0	0	0	0	0	0	0	0	0	0	0	0	0	0	0	0	0	0	0
jerryuop	0	13	20	4	5	0:27	0	0	0	0	0	0	0	1	0	0	0	0	0	0	0	0	0	0	0	0
Jetstones	0	0	0	0	0	0:00	0	0	0	0	0	0	0	0	0	0	0	0	0	0	0	0	0	0	0	0
jgreenhawk	0	41	121	7	9	1:21	0	0	0	0	0	0	15	0	7	2	0	0	0	0	0	0	0	0	0	0
jjolles	0	0	0	0	0	0:02	0	0	0	0	0	0	0	0	0	0	0	0	0	0	0	0	0	0	0	0
JoDaLa2000	0	0	2	0	0	0:02	0	0	0	0	0	0	0	0	0	0	0	0	0	0	0	0	0	0	0	0
joe is special	0	31	30	0	0	0:11	1	0	0	0	0	0	30	0	1	0	0	0	1	0	0	0	0	0	0	0
joedeeze174212	0	28	62	5	3	0:28	0	0	0	0	0	0	3	1	3	3	0	0	0	0	0	0	0	0	0	0
joefm35	0	54	83	22	4	0:53	6	0	0	0	0	0	7	1	6	3	1	0	0	0	0	0	0	0	0	0
joeking3	0	24	22	2	6	0:14	2	0	0	0	0	0	2	1	6	3	0	2	1	0	0	0	0	0	0	0
joepula	1	33	33	1	6	0:44	2	0	0	0	0	0	11	5	2	0	2	0	1	1	0	0	0	0	0	0
JoeZombie91	0	49	37	19	24	1:02	0	0	0	0	0	0	7	0	10	6	0	0	2	0	0	0	0	0	1	0
John Chief 117	0	1	3	0	0	0:01	0	0	0	0	0	0	0	0	1	0	0	0	0	0	0	0	0	0	0	0
joka1995	0	0	0	0	0	0:00	0	0	0	0	0	0	0	0	0	0	0	0	0	0	0	0	0	0	0	0
JOKERCAPO	0	26	13	5	5	0:13	1	0	0	0	0	0	2	5	1	1	0	0	1	0	0	0	0	0	0	0
Jonas611	0	11	9	1	0	0:15	2	0	0	0	0	0	5	0	0	0	0	0	0	0	0	0	0	0	0	0
joneeeeees	0	73	108	6	25	0:28	4	1	0	0	0	0	39	0	0	1	0	0	0	0	0	0	0	0	0	0
jonhsy	0	9	32	9	5	0:15	0	0	0	0	0	0	0	0	2	1	0	0	0	0	0	0	0	0	0	0
jonjaemoilanen	0	0	0	0	0	0:00	0	0	0	0	0	0	0	0	0	0	0	0	0	0	0	0	0	0	0	0
jorgehalo666	0	0	0	0	0	0:00	0	0	0	0	0	0	0	0	0	0	0	0	0	0	0	0	0	0	0	0
jose espada 246	0	1	23	1	0	0:20	0	0	0	0	0	0	1	0	0	0	0	0	0	0	0	0	0	0	0	0
Josh Elite	0	0	1	0	0	0:01	0	0	0	0	0	0	0	0	0	0	0	0	0	0	0	0	0	0	0	0
JOsh26Kills	0	8	7	5	0	0:08	0	0	0	0	0	0	0	0	1	0	0	0	0	0	0	0	0	0	0	0
JoshMasterChief	0	2	16	1	0	0:02	0	0	0	0	0	0	0	0	0	0	0	0	0	0	0	0	0	0	0	0
josue1968	1	1	24	0	0	1:06	0	0	0	0	0	0	1	0	0	0	0	0	0	0	0	0	0	0	0	0
JPVios	1	111	163	34	3	3:02	8	1	1	0	0	0	30	21	1	0	1	0	6	1	0	0	0	0	0	0
jrw875	0	0	1	0	0	0:00	0	0	0	0	0	0	0	0	0	0	0	0	0	0	0	0	0	0	0	0
JS GERMANY	0	73	58	5	18	1:15	1	0	0	0	0	0	66	0	3	1	0	0	2	1	1	1	1	2	1	0
jtck23	0	0	0	0	0	0:00	0	0	0	0	0	0	0	0	0	0	0	0	0	0	0	0	0	0	0	0
JtFkiLLshOt94	0	1	6	1	0	0:05	0	0	0	0	0	0	0	0	1	0	0	0	0	0	0	0	0	0	0	0
jucki3	0	10	15	1	2	0:13	0	0	0	0	0	0	3	0	2	2	0	0	0	0	0	0	0	0	0	0
Jugerd	1	99	125	24	22	1:59	6	1	0	0	0	0	14	16	18	6	2	3	3	0	0	0	0	0	3	1
julien104	0	12	12	1	4	0:06	2	1	0	0	0	0	1	0	2	3	0	0	0	0	0	0	0	0	0	2
june9957	0	1	13	2	1	0:02	0	0	0	0	0	0	0	0	0	0	0	0	0	0	0	0	0	0	0	0
juss789	2	192	87	19	103	1:16	9	1	0	0	0	0	176	0	3	4	2	0	12	2	0	0	0	0	1	0
justincwin	0	9	8	1	2	0:03	0	0	0	0	0	0	0	0	2	3	0	0	0	0	0	0	0	0	0	0
jweller12	0	0	1	0	0	0:03	0	0	0	0	0	0	0	0	0	0	0	0	0	0	0	0	0	0	0	0
Kabi75	0	55	73	4	7	1:35	5	1	0	0	0	0	0	1	6	4	0	0	1	1	1	1	1	1	1	1
KabutoTng	0	0	0	0	0	0:01	0	0	0	0	0	0	0	0	0	0	0	0	0	0	0	0	0	0	0	0
kaiver64	0	4	0	0	1	0:03	0	0	0	0	0	0	0	0	0	0	0	0	0	0	0	0	0	0	0	1
Kaminoheishi	0	35	38	7	12	0:34	0	0	0	0	0	0	2	1	4	3	1	0	1	0	0	0	0	0	0	0
kat13576	0	31	36	14	11	0:09	5	1	0	0	0	0	3	0	5	1	0	0	0	0	0	0	0	0	0	0
kelvinskywalker	0	3	8	2	1	0:13	0	0	0	0	0	0	0	1	0	0	0	0	0	0	0	0	0	0	0	0
kevin kader 11	0	0	0	0	0	0:00	0	0	0	0	0	0	0	0	0	0	0	0	0	0	0	0	0	0	0	0
khamai12	0	0	0	0	0	0:00	0	0	0	0	0	0	0	0	0	0	0	0	0	0	0	0	0	0	0	0
kidbulldog	0	36	18	8	16	0:50	3	0	0	0	0	0	11	2	8	0	0	0	2	0	0	0	0	0	1	0
KILAH4716	0	48	57	5	8	1:06	3	0	0	0	0	0	13	7	4	3	1	1	1	1	0	0	0	0	3	5
kili92	0	11	20	2	0	0:20	1	0	0	0	0	0	0	0	1	2	0	0	1	0	0	0	0	0	0	1
Killa Mike 173	0	78	43	9	27	0:27	10	1	0	0	0	0	38	2	2	2	0	2	6	1	0	0	0	0	0	0
killed by a pro	0	11	26	11	3	0:31	0	0	0	0	0	0	0	2	1	0	1	0	0	0	0	0	0	0	0	0
killer colton	0	0	0	0	0	0:00	0	0	0	0	0	0	0	0	0	0	0	0	0	0	0	0	0	0	0	0
KillerEanJ	0	0	2	0	0	0:16	0	0	0	0	0	0	0	0	0	0	0	0	0	0	0	0	0	0	0	0
killergardine1	0	0	0	0	0	0:00	0	0	0	0	0	0	0	0	0	0	0	0	0	0	0	0	0	0	0	0
KILLERJENG	0	16	36	9	3	0:26	1	0	0	0	0	0	0	3	5	1	0	0	0	0	0	0	0	0	0	0
killmaster1231	0	8	8	0	2	0:10	0	0	0	0	0	0	0	0	1	0	0	0	0	0	0	0	0	0	0	0
killyouri	0	25	38	1	5	0:17	0	0	0	0	0	0	15	0	3	1	0	0	1	0	0	0	0	0	0	0
killzall007	3	221	108	26	27	1:15	28	3	1	0	0	0	25	2	33	13	2	0	10	2	1	1	1	1	1	1
Kilo Brovo	0	5	7	0	3	0:07	0	0	0	0	0	0	5	0	0	0	0	0	0	0	0	0	0	0	0	0
kingkhalsa5	0	0	0	0	0	0:00	0	0	0	0	0	0	0	0	0	0	0	0	0	0	0	0	0	0	0	0
KingRambo117	0	3	14	0	1	0:15	0	0	0	0	0	0	1	0	1	0	0	0	0	0	0	0	0	0	0	0
kioty	0	2	6	0	0	0:07	0	0	0	0	0	0	0	0	0	0	0	0	0	0	0	0	0	0	0	0
kira5311	0	0	2	0	0	0:07	0	0	0	0	0	0	0	0	0	0	0	0	0	0	0	0	0	0	0	0
kisame222	1	39	58	10	4	0:29	4	0	0	0	0	0	12	3	6	2	0	0	1	0	0	0	0	0	0	0
kiwiboi01	11	50	87	20	4	2:03	2	0	0	0	0	0	4	8	7	6	1	1	2	1	0	0	0	4	1	1
kiwishark	0	63	49	23	2	1:31	7	0	0	0	0	0	5	11	5	1	0	0	3	2	1	1	1	0	0	0
KKCoolman	0	0	0	0	0	0:00	0	0	0	0	0	0	0	0	0	0	0	0	0	0	0	0	0	0	0	0
klxassault	0	28	42	10	8	0:20	0	0	0	0	0	0	26	0	2	0	0	0	1	0	0	0	0	0	0	0
Knacki1992	0	170	108	16	122	0:33	31	5	2	0	0	0	29	0	8	1	0	0	8	0	0	0	0	0	0	0
knastedekk	0	0	0	0	0	0:00	0	0	0	0	0	0	0	0	0	0	0	0	0	0	0	0	0	0	0	0
KOD OpTiKiLL	1	66	67	33	29	1:11	4	1	0	0	0	0	0	8	0	1	2	0	3	0	0	0	0	2	4	2
Kodak X	0	16	3	1	6	0:08	2	0	0	0	0	0	5	0	1	0	1	0	2	0	0	0	0	0	0	0
kom dangg NL	0	111	36	7	44	0:34	13	1	0	0	0	0	9	0	24	14	0	0	10	2	1	0	0	0	0	0
kombatkiller07	0	0	0	0	0	0:05	0	0	0	0	0	0	0	0	0	0	0	0	0	0	0	0	0	0	0	0
korbino98	0	4	15	2	1	0:05	0	0	0	0	0	0	4	0	0	0	0	0	0	0	0	0	0	0	0	0
Kori39	0	0	0	0	0	0:08	0	0	0	0	0	0	0	0	0	0	0	0	0	0	0	0	0	0	0	0
kpfire	0	159	118	15	118	1:01	17	5	3	2	1	3	35	0	4	4	0	0	5	2	0	0	0	0	0	0
krimeclub	0	31	113	19	2	0:37	1	0	0	0	0	0	1	3	0	0	0	0	0	0	0	0	0	0	0	0
KryrosJM	1	3	21	3	1	0:25	0	0	0	0	0	0	0	1	1	0	0	0	0	0	0	0	0	1	0	0
kS iPhysX	0	72	28	10	47	0:18	8	1	0	0	0	0	4	0	9	5	0	0	6	1	0	0	0	0	0	0
KURTCHIEF	0	0	0	0	0	0:00	0	0	0	0	0	0	0	0	0	0	0	0	0	0	0	0	0	0	0	0
Kustumyzd	0	1	1	1	0	0:03	0	0	0	0	0	0	0	0	0	0	0	0	0	0	0	0	0	0	0	0
kyle stridehart	0	27	30	5	3	0:25	5	0	0	0	0	0	4	1	11	2	0	0	1	0	0	0	0	0	0	1
Kzona1976	0	71	125	53	18	0:42	2	0	0	0	0	0	0	0	18	9	0	0	2	0	0	0	0	0	0	0
L1LKillatonez	2	117	83	29	3	3:41	8	2	0	0	0	0	0	29	19	9	0	1	6	0	0	0	0	1	0	2
Lancelot185	4	12	46	13	2	1:03	0	0	0	0	0	0	0	3	3	1	2	0	0	0	0	0	0	1	3	2
LaughingAustinS	0	0	1	0	0	0:01	0	0	0	0	0	0	0	0	0	0	0	0	0	0	0	0	0	0	0	0
Leader Ghost	0	0	1	0	0	0:00	0	0	0	0	0	0	0	0	0	0	0	0	0	0	0	0	0	0	0	0
LeakyGame info	0	1	4	0	0	0:01	0	0	0	0	0	0	0	0	0	0	0	0	0	0	0	0	0	0	0	0
Leandrobozz	0	226	282	31	103	1:31	22	1	0	0	0	0	95	0	23	5	0	0	5	0	0	0	0	0	0	0
Ledgo	0	50	36	5	17	0:21	4	0	0	0	0	0	45	0	1	2	0	0	1	0	0	0	0	0	0	0
Leethomasbrown	0	1	0	0	0	0:00	0	0	0	0	0	0	0	0	0	1	0	0	0	0	0	0	0	0	0	0
leftfootkick	2	15	19	9	2	0:34	0	0	0	0	0	0	5	0	2	0	0	0	0	0	0	0	0	0	2	0
LeftyDivine	0	2	14	0	1	0:07	0	0	0	0	0	0	0	0	0	1	0	0	0	0	0	0	0	0	0	0
LeglosTheUndead	0	9	14	6	0	0:16	1	0	0	0	0	0	0	0	1	1	0	0	0	0	0	0	0	0	1	0
leightonkid636	0	2	8	2	1	0:11	0	0	0	0	0	0	0	0	0	0	0	0	0	0	0	0	0	0	0	0
Leithx	1	8	2	3	0	0:10	0	0	0	0	0	0	0	5	1	0	0	0	1	0	0	0	0	2	0	0
leon fevi	0	0	2	0	0	0:01	0	0	0	0	0	0	0	0	0	0	0	0	0	0	0	0	0	0	0	0
Leonidas1112	0	0	0	0	0	0:02	0	0	0	0	0	0	0	0	0	0	0	0	0	0	0	0	0	0	0	0
LesSipsonfr	0	0	0	0	0	0:00	0	0	0	0	0	0	0	0	0	0	0	0	0	0	0	0	0	0	0	0
lI D R 3 A M Il	0	177	52	20	84	0:34	29	8	2	2	0	0	35	1	22	12	0	1	11	4	1	1	1	0	0	0
Liam Is G0d	0	0	5	0	0	0:06	0	0	0	0	0	0	0	0	0	0	0	0	0	0	0	0	0	0	0	0
Liamross1	0	4	21	1	1	0:14	0	0	0	0	0	0	4	0	0	0	0	0	0	0	0	0	0	0	0	0
LifeOnMars7335	0	0	0	0	0	0:00	0	0	0	0	0	0	0	0	0	0	0	0	0	0	0	0	0	0	0	0
lil commoner	0	37	12	0	4	0:12	5	2	0	0	0	0	32	0	2	2	0	0	3	1	0	0	0	0	0	0
lionelpk67	0	0	8	0	0	0:04	0	0	0	0	0	0	0	0	0	0	0	0	0	0	0	0	0	0	0	0
livenlifeinhll	0	0	0	0	0	0:00	0	0	0	0	0	0	0	0	0	0	0	0	0	0	0	0	0	0	0	0
Living Samarai	0	0	1	0	0	0:02	0	0	0	0	0	0	0	0	0	0	0	0	0	0	0	0	0	0	0	0
LLK1995	0	5	6	0	1	0:03	0	0	0	0	0	0	5	0	0	0	0	0	0	0	0	0	0	0	0	0
lll ZoSo lll	0	28	36	6	2	0:31	1	0	0	0	0	0	0	0	10	4	0	1	2	0	0	0	0	0	0	0
lo sfondatore	0	70	122	24	38	0:27	8	1	0	0	0	0	6	0	0	0	0	2	0	0	0	0	0	0	0	0
LocoSpartan233	0	51	34	2	6	0:23	1	0	0	0	0	0	36	0	11	3	0	0	2	0	0	0	0	0	0	0
LoF A12EJAY	0	19	14	0	15	0:16	0	0	0	0	0	0	0	0	1	1	0	0	1	1	0	0	0	0	0	0
Lone91	0	12	6	1	1	0:05	0	0	0	0	0	0	6	0	0	1	0	0	0	0	0	0	0	0	0	0
Lord Grinzold	0	293	238	32	154	1:38	32	5	1	0	0	0	78	1	16	8	0	0	14	1	0	0	0	0	0	0
LORD JUSNAH	0	186	82	25	134	0:59	16	2	1	1	0	0	27	0	4	2	0	0	9	0	0	0	0	0	0	0
LoRdZmAnZ94	0	0	0	0	0	0:00	0	0	0	0	0	0	0	0	0	0	0	0	0	0	0	0	0	0	0	0
Lost in Dawn	0	19	15	1	6	0:17	0	0	0	0	0	0	14	0	2	3	0	0	1	0	0	0	0	0	0	0
Lostboys3	0	0	0	0	0	0:00	0	0	0	0	0	0	0	0	0	0	0	0	0	0	0	0	0	0	0	0
lrincon00	0	0	1	0	0	0:02	0	0	0	0	0	0	0	0	0	0	0	0	0	0	0	0	0	0	0	0
Ltbarnes123	1	6	1	2	0	0:06	1	0	0	0	0	0	0	2	2	0	0	0	1	0	0	0	0	1	0	0
Lucas2186	0	17	24	3	4	0:30	0	0	0	0	0	0	7	0	6	4	0	0	0	0	0	0	0	0	0	0
Luis Pita	0	131	116	21	40	1:45	9	0	0	0	0	0	18	5	9	3	1	0	5	0	0	0	0	0	0	0
luser444	0	56	60	3	15	0:16	6	1	0	0	0	0	27	0	3	1	0	0	0	0	0	0	0	0	0	0
lutiponti	0	0	0	0	0	0:01	0	0	0	0	0	0	0	0	0	0	0	0	0	0	0	0	0	0	0	0
LyamCoe	0	0	0	0	0	0:01	0	0	0	0	0	0	0	0	0	0	0	0	0	0	0	0	0	0	0	0
M T iOri	0	17	15	6	13	0:12	0	0	0	0	0	0	2	0	2	0	0	0	0	0	0	0	0	0	0	0
M0HNJ0RR0W	0	16	6	0	10	0:04	0	0	0	0	0	0	2	0	0	0	0	1	2	0	0	0	0	0	0	0
maderik02	1	8	15	4	0	0:28	0	0	0	0	0	0	0	5	2	1	0	0	0	0	0	0	0	1	2	0
Madjammer2	0	12	9	1	0	0:17	0	0	0	0	0	0	5	0	3	3	0	0	0	0	0	0	0	0	0	2
MadMarkMagee	0	0	0	0	0	0:01	0	0	0	0	0	0	0	0	0	0	0	0	0	0	0	0	0	0	0	0
Maetto	0	7	18	5	1	0:29	1	0	0	0	0	0	0	1	2	0	0	0	0	0	0	0	0	0	0	0
magicpray2	0	13	16	1	5	0:08	1	0	0	0	0	0	11	0	2	0	0	0	0	0	0	0	0	0	0	0
Maglanist	1	1	3	0	0	0:12	0	0	0	0	0	0	0	0	0	0	0	0	0	0	0	0	0	2	0	0
magnus 76610	0	313	260	37	209	1:54	31	4	0	0	0	0	59	0	1	1	0	4	11	1	0	0	0	0	0	0
MajorPoncy	0	0	0	0	0	0:00	0	0	0	0	0	0	0	0	0	0	0	0	0	0	0	0	0	0	0	0
MalamutX	0	0	1	0	0	0:00	0	0	0	0	0	0	0	0	0	0	0	0	0	0	0	0	0	0	0	0
manavai	0	4	14	1	1	0:13	0	0	0	0	0	0	3	0	1	0	0	0	0	0	0	0	0	0	0	0
manksj	0	0	0	0	0	0:00	0	0	0	0	0	0	0	0	0	0	0	0	0	0	0	0	0	0	0	0
MANTA FAWK	0	1	5	0	0	0:02	0	0	0	0	0	0	1	0	0	0	0	0	0	0	0	0	0	0	0	0
manunitedvij	0	0	0	0	0	0:00	0	0	0	0	0	0	0	0	0	0	0	0	0	0	0	0	0	0	0	0
MarbleNizzles	0	35	41	0	15	0:26	2	0	0	0	0	0	35	0	0	0	0	0	1	0	0	0	0	0	0	0
marc620	0	0	0	0	0	0:11	0	0	0	0	0	0	0	0	0	0	0	0	0	0	0	0	0	0	0	0
marcoteo	0	1	17	1	1	0:03	0	0	0	0	0	0	0	0	0	0	0	0	0	0	0	0	0	0	0	0
Marekthegamer	0	17	30	2	5	0:21	0	0	0	0	0	0	14	0	2	0	0	0	0	0	0	0	0	0	0	0
marerarer	0	0	0	0	0	0:00	0	0	0	0	0	0	0	0	0	0	0	0	0	0	0	0	0	0	0	0
Markvain	0	23	52	13	3	0:52	0	0	0	0	0	0	3	7	4	0	3	0	0	0	0	0	0	0	0	5
MarshallLaw82	3	113	114	39	20	2:02	10	0	0	0	0	0	0	6	25	10	6	4	4	0	0	0	0	1	2	3
Martyr vsNadE	0	175	101	11	116	0:50	28	6	0	0	0	0	40	0	11	6	0	0	10	0	0	0	0	0	0	0
masskiller111	0	0	0	0	0	0:00	0	0	0	0	0	0	0	0	0	0	0	0	0	0	0	0	0	0	0	0
masta julio1	0	0	0	0	0	0:01	0	0	0	0	0	0	0	0	0	0	0	0	0	0	0	0	0	0	0	0
Master Adri1995	0	38	41	7	6	0:40	6	0	0	0	0	0	6	8	6	5	2	0	0	0	0	0	0	0	3	1
master jako1	0	2	4	1	0	0:12	0	0	0	0	0	0	0	2	0	0	0	0	0	0	0	0	0	0	0	0
master45 cheif	0	0	6	0	0	0:06	0	0	0	0	0	0	0	0	0	0	0	0	0	0	0	0	0	0	0	0
Masterchompa	0	8	17	0	1	0:10	0	0	0	0	0	0	4	0	2	2	0	0	0	0	0	0	0	0	1	0
Masters riser	0	9	12	4	2	0:17	1	0	0	0	0	0	0	0	5	1	0	0	0	0	0	0	0	0	0	3
mater kll	0	12	29	7	3	0:21	0	0	0	0	0	0	5	0	3	2	0	0	0	0	0	0	0	0	0	0
Math 273	0	23	17	6	13	0:04	1	0	0	0	0	0	0	0	1	1	0	0	0	0	0	0	0	0	0	0
Matthew4414	0	0	2	0	0	0:01	0	0	0	0	0	0	0	0	0	0	0	0	0	0	0	0	0	1	0	0
Mattymile	0	209	31	28	16	1:52	17	1	0	0	0	0	0	53	9	0	5	0	7	6	4	4	4	5	4	4
max is cool1	0	0	0	0	0	0:00	0	0	0	0	0	0	0	0	0	0	0	0	0	0	0	0	0	0	0	0
MaxDefcon 5	0	7	2	3	4	0:08	0	0	0	0	0	0	3	0	0	0	0	0	1	0	0	0	0	0	0	0
MaximumCameron	0	39	21	6	17	0:26	2	0	0	0	0	0	10	1	1	1	1	0	3	0	0	0	0	0	0	0
MaxPain2007	0	38	100	31	4	0:42	1	0	0	0	0	0	8	2	3	2	0	0	1	0	0	0	0	0	0	0
Mc Duty	0	70	67	15	20	0:46	0	0	0	0	0	0	63	0	0	0	0	0	2	0	0	0	0	0	0	0
MC Hemmer	0	1	0	0	1	0:03	0	0	0	0	0	0	0	0	0	0	0	0	0	0	0	0	0	0	1	0
McB07	1	111	74	29	12	2:07	15	2	0	0	0	0	0	10	18	1	4	0	7	1	1	1	1	3	2	3
McCloud147	0	0	4	1	0	0:01	0	0	0	0	0	0	0	0	0	0	0	0	0	0	0	0	0	0	0	0
McCloud1989	0	3	5	1	0	0:06	0	0	0	0	0	0	2	0	1	0	0	0	0	0	0	0	0	0	0	0
MechicoItaliano	3	11	24	6	0	0:38	0	0	0	0	0	0	0	5	0	0	0	0	0	0	0	0	0	3	0	0
MeMpHiSxMaYhEm	0	26	17	1	18	0:24	3	0	0	0	0	0	5	1	1	0	1	0	0	0	0	0	0	0	0	0
MFS Reaper	0	623	461	40	329	2:51	80	12	3	0	0	0	168	0	48	34	0	0	26	2	0	0	0	0	0	0
MilitaryHarpy	0	17	12	1	9	0:13	1	0	0	0	0	0	0	0	3	2	0	0	0	0	0	0	0	0	0	0
millitar	0	0	1	0	0	0:00	0	0	0	0	0	0	0	0	0	0	0	0	0	0	0	0	0	0	0	0
minov1998	2	3	6	0	0	0:34	0	0	0	0	0	0	0	1	1	1	0	0	0	0	0	0	0	0	1	4
Misery1988	0	41	68	15	28	0:19	4	0	0	0	0	0	0	0	0	0	0	0	0	0	0	0	0	0	0	0
Mister double Z	0	19	61	16	7	0:43	0	0	0	0	0	0	2	2	3	0	0	0	0	0	0	0	0	0	0	0
misterLTAV	0	4	4	1	1	0:03	0	0	0	0	0	0	4	0	0	0	0	0	0	0	0	0	0	0	0	0
Mithilan	0	3	15	5	0	0:23	0	0	0	0	0	0	1	0	0	0	0	0	0	0	0	0	0	0	0	0
mjkiller85	0	142	185	8	75	1:34	3	1	0	0	0	0	130	0	9	1	0	0	4	0	0	0	0	0	0	0
MkyAus	0	73	119	11	49	0:51	5	0	0	0	0	0	12	0	3	5	1	0	2	0	0	0	0	0	0	0
Moah JD	1	74	181	27	28	2:50	1	0	0	0	0	0	34	7	8	6	2	0	1	0	0	0	0	0	0	1
Mocker88	0	6	17	5	2	0:04	1	0	0	0	0	0	2	0	0	1	0	0	0	0	0	0	0	0	0	0
MocMochi	0	11	12	0	8	0:07	1	0	0	0	0	0	0	0	2	0	0	0	0	0	0	0	0	0	0	0
Molmpf	0	1	1	1	1	0:03	0	0	0	0	0	0	0	0	0	0	0	0	0	0	0	0	0	0	0	0
monkees01	0	3	2	1	1	0:03	1	0	0	0	0	0	0	0	2	0	0	0	0	0	0	0	0	0	0	0
Moomoomilkyay	0	0	0	0	0	0:00	0	0	0	0	0	0	0	0	0	0	0	0	0	0	0	0	0	0	0	0
MoOsTaSh	0	0	0	0	0	0:03	0	0	0	0	0	0	0	0	0	0	0	0	0	0	0	0	0	0	0	0
mordock831	0	6	76	6	0	1:30	0	0	0	0	0	0	0	5	0	0	0	0	0	0	0	0	0	0	0	1
MORT1S	0	341	127	30	126	1:05	43	8	2	0	0	0	38	0	77	42	1	0	24	3	1	1	1	0	0	0
moyman322	0	8	2	0	3	0:05	0	0	0	0	0	0	7	0	0	1	0	0	0	0	0	0	0	0	0	0
Mr Beast 11	0	38	54	3	2	0:18	0	0	0	0	0	0	32	0	4	0	0	0	0	0	0	0	0	0	0	0
Mr Dimonds	0	1	1	0	0	0:09	0	0	0	0	0	0	0	0	0	0	0	0	0	0	0	0	0	0	0	0
Mr Pat1810	0	18	38	0	2	0:13	0	0	0	0	0	0	18	0	0	0	0	0	0	0	0	0	0	0	0	0
Mrdude04	0	1	5	0	0	0:01	0	0	0	0	0	0	1	0	0	0	0	0	0	0	0	0	0	0	0	0
MTG2330	0	1	9	0	0	0:07	0	0	0	0	0	0	0	0	0	0	0	0	0	0	0	0	0	0	0	0
muroku12	2	15	56	7	0	1:24	0	0	0	0	0	0	0	4	9	2	1	0	0	0	0	0	0	0	0	2
mynameisbarneyj	0	9	13	3	0	0:06	0	0	0	0	0	0	6	0	1	0	0	0	0	0	0	0	0	0	0	0
MysteryMan3	0	24	53	8	9	1:08	0	0	0	0	0	0	12	1	2	0	1	0	0	0	0	0	0	1	0	0
mysterymeat3	0	84	50	15	28	0:24	7	1	0	0	0	0	14	0	12	4	0	0	3	1	0	0	0	0	0	0
n00bie 14	0	3	9	0	2	0:15	0	0	0	0	0	0	2	0	0	0	0	0	0	0	0	0	0	0	0	0
N0sEBl3eD	0	2	0	0	2	0:01	0	0	0	0	0	0	0	0	0	0	0	0	0	0	0	0	0	0	0	0
nanouille29	0	32	37	7	16	0:11	1	0	0	0	0	0	7	0	0	0	0	0	1	0	0	0	0	0	0	0
NarutoSageMode1	0	0	0	0	0	0:00	0	0	0	0	0	0	0	0	0	0	0	0	0	0	0	0	0	0	0	0
NasLegenddddddd	0	52	22	7	33	0:07	10	2	2	1	0	0	7	0	3	4	0	0	4	0	0	0	0	0	0	0
NateisGr8ter	1	212	173	24	93	1:46	30	7	2	0	0	0	21	24	19	9	5	0	4	2	1	1	1	1	1	1
nathan dejavu	0	0	0	0	0	0:01	0	0	0	0	0	0	0	0	0	0	0	0	0	0	0	0	0	0	0	0
nathan228	0	4	34	1	0	0:26	0	0	0	0	0	0	0	0	0	0	0	0	0	0	0	0	0	0	0	0
Nattman117	0	1	0	0	1	0:06	0	0	0	0	0	0	1	0	0	0	0	0	0	0	0	0	0	0	0	0
Nazgul139	0	31	34	3	3	0:27	2	1	0	0	0	0	28	1	1	1	0	0	1	0	0	0	0	0	0	0
nazgul142	0	5	8	5	3	0:06	0	0	0	0	0	0	0	1	1	0	1	0	0	0	0	0	0	0	0	1
Necrosh4de	3	159	50	9	69	1:20	11	2	0	0	0	0	60	6	16	10	3	1	12	3	2	2	2	2	2	4
NeG SkullMonkey	0	0	0	0	0	0:00	0	0	0	0	0	0	0	0	0	0	0	0	0	0	0	0	0	0	0	0
neo38090	0	41	34	12	17	0:53	2	0	0	0	0	0	21	0	3	0	1	1	1	0	0	0	0	0	0	0
nerhe2001	0	11	5	0	0	0:10	0	0	0	0	0	0	0	1	0	0	0	0	1	0	0	0	0	0	0	0
NewestNoobie	2	43	13	10	0	0:36	1	0	0	0	0	0	0	26	2	1	1	0	2	1	1	1	0	2	1	0
NewJoshua	1	3	16	3	1	0:28	0	0	0	0	0	0	0	0	1	1	0	0	0	0	0	0	0	0	0	2
nfg guy	0	52	76	44	3	1:39	3	1	0	0	0	0	2	11	8	2	0	0	3	0	0	0	0	0	1	1
ngoh95	0	180	105	19	128	0:33	38	8	3	0	0	0	26	0	4	0	0	0	9	0	0	0	0	0	0	0
Nick0matic	2	237	62	31	128	2:13	14	1	0	0	0	0	174	0	1	1	0	0	15	4	2	2	2	1	2	2
nick9844	0	0	1	0	0	0:01	0	0	0	0	0	0	0	0	0	0	0	0	0	0	0	0	0	0	0	0
Nicocaptor38	0	7	19	0	1	0:08	0	0	0	0	0	0	6	0	0	1	0	0	0	0	0	0	0	0	0	0
NicoKiller34	0	12	28	6	7	0:30	0	0	0	0	0	0	7	0	1	0	0	0	0	0	0	0	0	0	0	1
nielsen0189	0	24	50	5	18	0:18	0	0	0	0	0	0	0	0	3	1	0	0	0	0	0	0	0	0	0	0
Nightmare1551	0	19	31	7	4	0:13	2	0	0	0	0	0	14	0	5	0	0	0	0	0	0	0	0	0	0	0
nima2007	0	3	11	2	0	0:12	0	0	0	0	0	0	0	0	0	0	1	0	0	0	0	0	0	0	0	0
nine times nine	1	20	8	3	0	0:20	0	0	0	0	0	0	0	9	4	1	0	0	1	0	0	0	0	1	0	0
ninjaguy555	0	2	13	5	0	0:02	0	0	0	0	0	0	0	0	0	1	0	0	0	0	0	0	0	0	0	0
nitefuel	0	2	19	3	0	0:08	0	0	0	0	0	0	0	0	0	0	0	0	0	0	0	0	0	0	1	0
nivek2421	0	27	24	7	10	0:23	0	0	0	0	0	0	21	0	2	0	0	0	1	0	0	0	0	0	0	0
njsfdhjbfsw678q	0	0	0	0	0	0:00	0	0	0	0	0	0	0	0	0	0	0	0	0	0	0	0	0	0	0	0
nonaK323	0	12	11	1	4	0:04	1	0	0	0	0	0	7	0	1	1	0	0	0	0	0	0	0	0	0	0
Noobcaeks	0	5	7	1	0	0:01	0	0	0	0	0	0	0	0	2	1	0	0	0	0	0	0	0	0	0	0
noomph	1	10	4	4	0	0:13	0	0	0	0	0	0	0	0	2	0	1	0	1	0	0	0	0	1	0	1
nopl3x	0	0	0	0	0	0:00	0	0	0	0	0	0	0	0	0	0	0	0	0	0	0	0	0	0	0	0
Noxious185	0	50	29	11	3	0:15	5	0	0	0	0	0	0	1	16	2	0	4	4	0	0	0	0	0	0	0
Ntho Sraom 9891	0	25	5	0	19	0:20	0	0	0	0	0	0	0	0	0	0	0	0	2	1	0	0	0	0	0	0
nuggyshanks	1	13	14	2	0	0:24	0	0	0	0	0	0	2	1	6	1	1	0	1	0	0	0	0	2	0	0
Nukeman70	0	48	81	12	3	0:22	6	0	0	0	0	0	2	0	10	4	0	2	1	0	0	0	0	0	0	0
NUKINYA JNR	0	0	0	0	0	0:00	0	0	0	0	0	0	0	0	0	0	0	0	0	0	0	0	0	0	0	0
NumerousLemon	2	2	8	1	0	0:13	0	0	0	0	0	0	1	0	0	1	0	0	0	0	0	0	0	2	1	1
Nuno13	0	16	23	7	2	0:30	0	0	0	0	0	0	2	0	1	0	0	0	0	0	0	0	0	2	0	0
NURSEMIKES	0	8	36	3	0	0:18	0	0	0	0	0	0	0	0	0	0	0	0	0	0	0	0	0	0	0	0
Nycopols	0	67	78	6	21	0:19	9	0	0	0	0	0	20	0	5	1	0	0	2	0	0	0	0	0	0	0
o BaCkFiRe o	0	0	1	0	0	0:00	0	0	0	0	0	0	0	0	0	0	0	0	0	0	0	0	0	0	0	0
O10100programer	0	0	0	0	0	0:01	0	0	0	0	0	0	0	0	0	0	0	0	0	0	0	0	0	0	0	0
OCA Dragon	0	31	24	8	7	0:46	2	0	0	0	0	0	1	0	7	6	0	1	1	0	0	0	0	0	0	0
OceanicGhf	0	1	0	0	0	0:01	0	0	0	0	0	0	0	0	0	1	0	0	0	0	0	0	0	1	0	0
Odo	0	10	12	2	7	0:11	1	0	0	0	0	0	5	0	0	0	0	0	0	0	0	0	0	0	0	0
Oh hai Lefty	0	36	18	0	19	0:10	5	0	0	0	0	0	36	0	0	0	0	0	2	0	0	0	0	0	0	0
oink284	0	45	37	9	34	0:18	4	1	0	0	0	0	0	0	4	2	0	0	0	0	0	0	0	0	0	0
OldKid23	0	5	18	2	3	0:13	1	0	0	0	0	0	3	0	2	0	0	0	0	0	0	0	0	0	0	0
oneMatrix68	0	2	1	0	1	0:06	0	0	0	0	0	0	0	0	1	0	0	0	0	0	0	0	0	0	0	0
oogalie boogali	0	4	5	1	0	0:07	0	0	0	0	0	0	0	1	0	0	1	0	0	0	0	0	0	0	0	0
Oracolo1	0	52	106	21	41	0:36	3	0	0	0	0	0	2	0	0	1	0	0	0	0	0	0	0	0	0	0
orangehawk97	1	6	6	4	1	0:19	0	0	0	0	0	0	2	0	1	0	0	0	1	0	0	0	0	2	0	0
Oranos2633	0	92	78	17	7	0:43	8	0	0	0	0	0	7	1	34	8	0	2	2	0	0	0	0	0	0	0
Organ l7onor	2	35	22	8	2	0:46	2	0	0	0	0	0	4	1	3	7	1	0	2	0	0	0	0	0	2	1
otterneus	0	0	0	0	0	0:00	0	0	0	0	0	0	0	0	0	0	0	0	0	0	0	0	0	0	0	0
OverlordLegacy	0	1	3	0	1	0:02	0	0	0	0	0	0	1	0	0	0	1	0	0	0	0	0	0	0	0	0
OverRex	0	0	0	0	0	0:00	0	0	0	0	0	0	0	0	0	0	0	0	0	0	0	0	0	0	0	0
OVT cac2690	0	0	0	0	0	0:07	0	0	0	0	0	0	0	0	0	0	0	0	0	0	0	0	0	0	0	0
Owie Boo Boo	0	14	13	3	1	0:11	1	0	0	0	0	0	3	0	8	2	0	0	0	0	0	0	0	0	0	0
OYEMICKY	0	0	2	0	0	0:00	0	0	0	0	0	0	0	0	0	0	0	0	0	0	0	0	0	0	0	0
panzer01234	0	0	10	1	0	0:06	0	0	0	0	0	0	0	0	0	0	0	0	0	0	0	0	0	0	0	0
PaTh 2 tHe DaWn	0	57	22	6	12	0:25	8	1	0	0	0	0	26	0	17	9	0	0	6	0	0	0	0	0	0	0
patrickracer360	4	19	56	18	0	1:31	1	0	0	0	0	0	1	4	2	0	0	0	0	0	0	0	0	0	4	3
Patrolkiwi7	0	51	37	11	11	1:11	2	0	0	0	0	0	2	15	6	1	0	0	2	0	0	0	0	0	0	2
pclipse	2	15	14	9	6	0:30	1	0	0	0	0	0	8	0	0	2	0	0	0	0	0	0	0	1	3	1
PeakAngelo	0	26	16	4	12	0:13	0	0	0	0	0	0	26	0	0	0	0	0	1	1	0	0	0	0	0	0
PeanutEmperor	1	31	42	5	0	1:02	3	0	0	0	0	0	0	4	3	2	1	0	2	0	0	0	0	0	0	0
penabomb	0	27	31	6	3	0:33	0	0	0	0	0	0	3	3	13	3	5	0	0	0	0	0	0	2	1	0
perky swenson	0	2	5	0	1	0:07	0	0	0	0	0	0	0	0	1	0	0	0	0	0	0	0	0	0	0	0
PesUsis	0	2	8	3	0	0:12	0	0	0	0	0	0	0	0	0	1	0	0	0	0	0	0	0	0	0	1
Petera100	0	1	19	5	0	0:10	0	0	0	0	0	0	0	0	1	0	0	0	0	0	0	0	0	0	0	0
PhantomPuck777	0	26	20	6	6	0:43	0	0	0	0	0	0	11	2	2	0	2	0	3	0	0	0	0	0	0	0
PheniX162	0	21	5	6	3	0:14	2	1	0	0	0	0	0	0	1	1	0	0	3	0	0	0	0	0	0	0
Phoenix7307	0	0	3	0	0	0:01	0	0	0	0	0	0	0	0	0	0	0	0	0	0	0	0	0	0	0	0
pigboyz123	0	0	0	0	0	0:03	0	0	0	0	0	0	0	0	0	0	0	0	0	0	0	0	0	0	0	0
pilouleloup	0	11	79	4	3	1:11	0	0	0	0	0	0	4	0	0	0	0	0	0	0	0	0	0	0	0	0
pippi007	0	10	17	3	1	0:21	0	0	0	0	0	0	1	4	1	1	0	0	0	0	0	0	0	0	0	0
Pito12345	0	0	0	0	0	0:00	0	0	0	0	0	0	0	0	0	0	0	0	0	0	0	0	0	0	0	0
PJ10304	0	20	15	5	8	0:12	2	0	0	0	0	0	0	0	3	1	0	0	0	0	0	0	0	0	0	0
Pjilip	0	43	54	7	7	0:42	1	0	0	0	0	0	13	5	11	3	5	0	1	0	0	0	0	0	0	0
Player1rudiecan	0	254	154	20	129	1:15	29	5	0	0	0	0	144	0	26	8	0	0	17	1	0	0	0	0	0	0
Pliskin H	0	13	68	10	3	0:41	0	0	0	0	0	0	0	0	6	0	2	0	0	0	0	0	0	0	2	1
plosh12q	0	0	0	0	0	0:05	0	0	0	0	0	0	0	0	0	0	0	0	0	0	0	0	0	0	0	0
pLovin	0	2	4	0	0	0:07	0	0	0	0	0	0	2	0	0	0	0	0	0	0	0	0	0	0	0	0
Plyer1EQUALIZER	0	0	1	0	0	0:00	0	0	0	0	0	0	0	0	0	0	0	0	0	0	0	0	0	0	0	0
Pogopingu	0	22	48	6	10	0:18	0	0	0	0	0	0	20	0	1	1	0	0	0	0	0	0	0	0	0	0
poot put	0	0	0	0	0	0:00	0	0	0	0	0	0	0	0	0	0	0	0	0	0	0	0	0	0	0	0
Popill	0	0	0	0	0	0:00	0	0	0	0	0	0	0	0	0	0	0	0	0	0	0	0	0	0	0	0
PopMGIII	0	67	22	11	4	0:44	4	1	0	0	0	0	3	19	4	1	0	1	5	1	0	0	0	2	3	3
PortTammy	0	0	0	0	0	0:01	0	0	0	0	0	0	0	0	0	0	0	0	0	0	0	0	0	0	0	0
pow2h	0	31	9	0	25	0:07	3	0	0	0	0	0	31	0	0	0	0	0	1	1	0	0	0	0	0	0
powermaster325	1	15	25	6	0	0:43	2	0	0	0	0	0	0	2	1	0	0	0	0	0	0	0	0	1	0	0
pretzelman8	0	0	27	2	0	0:11	0	0	0	0	0	0	0	0	0	0	0	0	0	0	0	0	0	0	0	0
proarbiterr	0	147	23	13	76	0:52	15	3	0	0	0	0	123	1	0	0	0	0	10	6	5	4	3	0	0	1
proazzme	0	4	16	1	0	0:18	1	0	0	0	0	0	0	2	2	0	0	0	0	0	0	0	0	0	0	1
Promise Cuity	0	43	28	6	9	0:39	3	0	0	0	0	0	21	12	7	1	0	0	1	0	0	0	0	0	0	0
ProphetOfDoom0	0	0	0	0	0	0:08	0	0	0	0	0	0	0	0	0	0	0	0	0	0	0	0	0	0	0	0
Proxyphr34k	0	6	30	1	0	0:14	0	0	0	0	0	0	6	0	0	0	0	0	0	0	0	0	0	0	0	0
punksallout	1	9	7	4	4	0:11	0	0	0	0	0	0	0	0	1	2	0	0	0	0	0	0	0	1	1	0
PutDown2PickUp6	0	0	0	0	0	0:00	0	0	0	0	0	0	0	0	0	0	0	0	0	0	0	0	0	0	0	0
Pwnzors97	0	468	597	57	152	2:56	51	2	2	0	0	0	150	0	72	36	0	1	8	0	0	0	0	0	0	0
qortmdals312	0	115	64	13	44	0:49	2	0	0	0	0	0	89	0	11	15	0	0	5	1	0	0	0	0	0	0
Qsk Grisha VR	0	24	27	5	4	0:20	0	0	0	0	0	0	9	0	2	2	2	1	1	1	0	0	0	0	0	0
Qu1t3k1tty	0	0	1	0	0	0:00	0	0	0	0	0	0	0	0	0	0	0	0	0	0	0	0	0	0	0	0
Quaker51608	2	32	25	29	4	0:39	5	1	0	0	0	0	0	4	2	2	1	0	2	1	0	0	0	0	1	3
quentinpp7811	0	10	7	0	2	0:11	0	0	0	0	0	0	0	0	5	1	0	0	0	0	0	0	0	0	0	0
Quest 36	0	2	8	1	1	0:03	0	0	0	0	0	0	2	0	0	0	0	0	0	0	0	0	0	0	0	0
quiksilver001	1	0	9	0	0	0:16	0	0	0	0	0	0	0	0	0	0	0	0	0	0	0	0	0	1	0	0
qwentine	1	215	87	47	15	2:20	16	0	0	0	0	0	22	12	44	26	0	0	11	2	2	2	2	2	1	1
R A N S E S 2 2	0	14	36	17	2	1:16	0	0	0	0	0	0	0	0	5	4	0	0	0	0	0	0	0	0	0	0
Raflesss	0	13	22	4	3	0:19	1	0	0	0	0	0	1	1	2	3	0	0	0	0	0	0	0	0	0	0
Raggoll	0	3	8	1	1	0:02	0	0	0	0	0	0	0	0	1	0	0	0	0	0	0	0	0	0	0	0
raininglemons	0	6	23	2	2	0:23	0	0	0	0	0	0	3	0	1	0	0	0	0	0	0	0	0	0	1	0
randomgeek1213	0	4	0	0	0	0:03	1	0	0	0	0	0	0	0	0	0	0	0	0	0	0	0	0	0	1	0
Ranger22222	0	0	2	0	0	0:04	0	0	0	0	0	0	0	0	0	0	0	0	0	0	0	0	0	0	0	0
Ranger361xt	0	8	17	2	2	0:17	0	0	0	0	0	0	3	2	2	0	1	0	0	0	0	0	0	0	1	0
rattly12345	0	16	42	3	6	0:24	0	0	0	0	0	0	13	0	2	0	0	0	0	0	0	0	0	0	0	0
rayman8001	0	0	0	0	0	0:00	0	0	0	0	0	0	0	0	0	0	0	0	0	0	0	0	0	0	0	0
Raz0r0x2	0	44	26	8	2	0:56	4	1	0	0	0	0	0	10	9	2	1	1	3	1	0	0	0	0	0	3
red1blue	0	16	38	0	3	0:15	0	0	0	0	0	0	16	0	0	0	0	0	0	0	0	0	0	0	0	0
Reidarm92	0	32	29	3	13	0:27	1	0	0	0	0	0	27	0	2	2	0	0	0	0	0	0	0	0	0	0
Relentless 24	0	148	83	7	63	1:02	4	0	0	0	0	0	125	0	11	5	0	0	5	2	0	0	0	0	0	0
rem37510	0	0	20	0	0	0:13	0	0	0	0	0	0	0	0	0	0	0	0	0	0	0	0	0	0	0	0
Renguinator	0	0	0	0	0	0:01	0	0	0	0	0	0	0	0	0	0	0	0	0	0	0	0	0	0	0	0
RENOxDECEPTION	0	0	1	0	0	0:01	0	0	0	0	0	0	0	0	0	0	0	0	0	0	0	0	0	0	0	0
Republic Hunter	0	45	45	10	8	0:26	2	0	0	0	0	0	22	0	12	8	0	0	2	0	0	0	0	0	0	0
RexAdde	0	0	0	0	0	0:02	0	0	0	0	0	0	0	0	0	0	0	0	0	0	0	0	0	0	0	0
RHS50	0	48	43	22	23	0:20	4	0	0	0	0	0	1	0	3	1	0	0	1	0	0	0	0	0	0	0
rialos2	0	0	0	0	0	0:00	0	0	0	0	0	0	0	0	0	0	0	0	0	0	0	0	0	0	0	0
Rileyzimmerman	4	10	9	1	0	0:18	0	0	0	0	0	0	0	0	8	1	0	0	1	0	0	0	0	6	2	0
Ringmaster27	0	17	11	5	4	0:17	1	0	0	0	0	0	6	8	0	0	1	0	1	0	0	0	0	0	0	0
RIPO MEN	2	204	186	70	34	5:01	11	3	0	0	0	0	61	16	6	2	1	0	10	3	1	1	1	0	1	2
riuji40	0	3	24	7	1	0:43	0	0	0	0	0	0	0	0	0	0	0	0	0	0	0	0	0	1	0	0
Riversideshield	0	31	29	15	3	0:23	3	0	0	0	0	0	1	12	1	1	0	0	1	1	0	0	0	0	1	0
rizathivaxx	0	76	54	3	29	0:11	9	4	1	0	0	0	22	0	2	0	0	0	3	0	0	0	0	0	0	0
robertson123	0	28	66	3	6	0:26	0	0	0	0	0	0	17	0	4	6	0	0	1	0	0	0	0	0	0	0
Robinjomannen	0	3	0	0	0	0:06	0	0	0	0	0	0	0	0	0	0	0	0	0	0	0	0	0	0	1	0
Rocknicholas1	0	0	0	0	0	0:00	0	0	0	0	0	0	0	0	0	0	0	0	0	0	0	0	0	0	0	0
Rockybill	0	14	68	10	6	1:15	0	0	0	0	0	0	10	1	1	0	0	0	0	0	0	0	0	0	1	0
RoD SangHeiLi	0	38	36	1	21	0:23	0	0	0	0	0	0	30	0	1	0	0	1	3	0	0	0	0	0	0	0
Roizzer	0	1	6	0	0	0:03	0	0	0	0	0	0	1	0	0	0	0	0	0	0	0	0	0	0	0	0
RollinStone24	0	0	0	0	0	0:00	0	0	0	0	0	0	0	0	0	0	0	0	0	0	0	0	0	0	0	0
roncoz95	0	1	2	0	0	0:02	0	0	0	0	0	0	1	0	0	0	0	0	0	0	0	0	0	0	0	0
Rorkey	0	172	144	33	40	2:41	12	1	0	0	0	0	40	36	14	9	8	0	7	3	1	1	1	1	2	4
roxeurr	0	120	182	17	50	2:00	4	0	0	0	0	0	118	0	0	0	0	0	0	0	0	0	0	0	0	0
RoyalLUKEZUZIC	0	0	0	0	0	0:02	0	0	0	0	0	0	0	0	0	0	0	0	0	0	0	0	0	0	0	0
RST EAGLEYE	0	8	4	0	8	0:06	0	0	0	0	0	0	0	0	0	0	0	0	0	0	0	0	0	0	0	0
RST LEGENDRY	0	0	0	0	0	0:00	0	0	0	0	0	0	0	0	0	0	0	0	0	0	0	0	0	0	0	0
RST SHADOW	0	0	0	0	0	0:00	0	0	0	0	0	0	0	0	0	0	0	0	0	0	0	0	0	0	0	0
RST X Andoss X	0	3	1	0	0	0:07	0	0	0	0	0	0	0	2	0	0	0	0	0	0	0	0	0	0	1	0
RST xChaoticDrm	0	95	46	8	56	0:38	10	3	0	0	0	0	0	12	10	5	0	0	6	1	1	1	0	0	0	0
RTHELITTLEMAN	0	2	16	0	0	0:06	0	0	0	0	0	0	0	0	2	0	0	0	0	0	0	0	0	0	0	0
Rtouch	0	0	0	0	0	0:00	0	0	0	0	0	0	0	0	0	0	0	0	0	0	0	0	0	0	0	0
Ruben Eliud 117	0	256	175	24	151	1:51	22	3	0	0	0	0	239	0	12	2	0	1	10	2	1	1	1	1	1	1
rubenqwerty	0	0	0	0	0	0:01	0	0	0	0	0	0	0	0	0	0	0	0	0	0	0	0	0	0	0	0
rubylhasa	0	0	0	0	0	0:02	0	0	0	0	0	0	0	0	0	0	0	0	0	0	0	0	0	0	0	0
Rumster95	0	0	9	3	0	0:22	0	0	0	0	0	0	0	0	0	0	0	0	0	0	0	0	0	0	0	0
rustyduck321	1	11	9	7	1	0:23	0	0	0	0	0	0	0	5	2	0	0	0	1	0	0	0	0	0	1	2
rustyspewns	0	38	39	7	11	0:40	0	0	0	0	0	0	20	3	6	4	0	0	1	0	0	0	0	0	0	2
RUTly123	0	0	0	0	0	0:00	0	0	0	0	0	0	0	0	0	0	0	0	0	0	0	0	0	0	0	0
Rxykthegreat	0	0	1	0	0	0:01	0	0	0	0	0	0	0	0	0	0	0	0	0	0	0	0	0	0	0	0
Ryoma2008	0	0	17	0	0	0:15	0	0	0	0	0	0	0	0	0	0	0	0	0	0	0	0	0	0	0	0
Ryu Yagami	0	0	0	0	0	0:00	0	0	0	0	0	0	0	0	0	0	0	0	0	0	0	0	0	0	0	0
SaiPretender	0	15	26	7	3	0:42	0	0	0	0	0	0	0	1	0	0	0	0	0	0	0	0	0	0	1	2
samfish9021	0	8	23	3	0	0:32	0	0	0	0	0	0	1	2	1	0	0	0	0	0	0	0	0	0	0	0
samthrow1	1	4	16	2	1	0:19	0	0	0	0	0	0	1	0	0	2	0	0	0	0	0	0	0	0	1	0
sandrababe	0	10	81	7	3	0:33	1	0	0	0	0	0	5	0	0	1	0	0	0	0	0	0	0	0	0	0
santi la neta	0	37	12	7	4	0:23	6	1	0	0	0	0	5	4	3	4	0	0	2	1	0	0	0	0	0	0
Saquert	0	44	193	13	21	1:07	2	0	0	0	0	0	15	0	0	0	0	0	0	0	0	0	0	0	0	0
saraggosa	1	16	62	9	0	0:40	0	0	0	0	0	0	2	5	3	2	0	0	0	0	0	0	0	0	0	2
SardaukarNL	0	8	18	0	1	0:19	0	0	0	0	0	0	2	0	1	0	0	0	0	0	0	0	0	1	0	0
Sasuke 0h 0ne	0	1	1	0	1	0:00	0	0	0	0	0	0	1	0	0	0	0	0	0	0	0	0	0	0	0	0
SatyricalGood	0	4	19	6	1	0:28	0	0	0	0	0	0	1	1	0	0	0	0	0	0	0	0	0	2	0	0
Savion999	0	2	2	0	1	0:00	0	0	0	0	0	0	2	0	0	0	0	0	0	0	0	0	0	0	0	0
SC BeBeToS92	0	28	30	2	10	0:23	1	0	0	0	0	0	17	0	5	3	0	0	1	0	0	0	0	0	0	0
Scarfamus	0	215	228	48	39	1:18	15	2	1	0	0	0	13	2	58	33	1	1	4	0	0	0	0	0	0	0
SceneKid4lif3	0	71	70	28	0	1:45	7	0	0	0	0	0	0	19	12	3	5	0	2	2	1	1	1	1	0	0
scg8or93	0	0	0	0	0	0:00	0	0	0	0	0	0	0	0	0	0	0	0	0	0	0	0	0	0	0	0
Schiflunder	0	56	38	11	5	0:50	1	0	0	0	0	0	0	11	17	4	0	0	2	1	0	0	0	0	0	2
ScorchBlitz	0	12	38	11	4	0:10	0	0	0	0	0	0	1	0	2	1	0	0	0	0	0	0	0	0	0	0
scordos38	0	37	83	16	21	0:22	2	0	0	0	0	0	0	0	4	2	0	0	0	0	0	0	0	0	0	0
SCREAM1087	0	0	0	0	0	0:01	0	0	0	0	0	0	0	0	0	0	0	0	0	0	0	0	0	0	0	0
Scudo96	0	2	6	1	0	0:05	1	0	0	0	0	0	0	0	0	0	0	0	0	0	0	0	0	0	0	0
SeanMichael1999	0	3	4	0	2	0:03	0	0	0	0	0	0	0	0	1	0	0	0	0	0	0	0	0	0	0	0
Seashoter	0	1	7	0	0	0:06	0	0	0	0	0	0	0	0	0	0	0	0	0	0	0	0	0	0	0	0
sebastian maxie	3	54	56	4	19	0:20	8	0	0	0	0	0	21	1	6	5	0	0	1	0	0	0	0	0	0	3
sebbolo96	0	13	112	24	0	1:23	0	0	0	0	0	0	0	2	0	3	1	0	0	0	0	0	0	0	0	0
segoodrich	0	2	13	1	0	0:11	0	0	0	0	0	0	0	0	1	1	0	0	0	0	0	0	0	0	1	0
SEK Agetlan	0	79	56	7	33	0:37	3	0	0	0	0	0	73	0	2	3	0	0	3	0	0	0	0	0	0	0
SEK BananaKing	0	9	11	1	5	0:03	0	0	0	0	0	0	8	0	1	0	0	0	0	0	0	0	0	0	0	0
SEK Black1705	0	31	34	3	19	0:13	2	0	0	0	0	0	14	0	2	2	0	0	0	0	0	0	0	0	0	0
SEK ColdDeath	0	1	2	0	1	0:00	0	0	0	0	0	0	0	0	0	0	0	0	0	0	0	0	0	0	0	0
SEK Hemi667	0	67	37	3	41	0:16	8	1	0	0	0	0	23	0	2	4	0	0	2	0	0	0	0	0	0	0
SEK Leader	0	4	5	0	4	0:00	0	0	0	0	0	0	0	0	0	0	0	0	0	0	0	0	0	0	0	0
SEK Strohut021	0	3	3	0	0	0:01	1	0	0	0	0	0	0	0	0	0	0	0	0	0	0	0	0	0	0	0
Selin620	0	1	5	0	1	0:03	0	0	0	0	0	0	1	0	0	0	0	0	0	0	0	0	0	0	0	0
SensorialA	0	0	0	0	0	0:05	0	0	0	0	0	0	0	0	0	0	0	0	0	0	0	0	0	0	0	0
serafim978	1	56	73	26	2	2:33	4	0	0	0	0	0	0	19	12	5	4	0	1	0	0	0	0	0	2	1
SergentGrunt	1	18	16	1	2	0:20	0	0	0	0	0	0	5	2	0	5	0	0	0	0	0	0	0	0	0	0
sG x Migrate	0	0	0	0	0	0:00	0	0	0	0	0	0	0	0	0	0	0	0	0	0	0	0	0	0	0	0
SGT Maverik	0	23	95	9	1	0:51	2	1	0	0	0	0	2	0	1	0	0	0	0	0	0	0	0	0	0	0
sGz Izuna	0	11	14	2	5	0:07	0	0	0	0	0	0	8	0	3	0	0	0	0	0	0	0	0	0	0	0
SHADIC441	0	14	9	15	1	0:25	0	0	0	0	0	0	0	9	1	0	0	0	0	0	0	0	0	0	0	0
ShadierJackals	0	0	0	0	0	0:00	0	0	0	0	0	0	0	0	0	0	0	0	0	0	0	0	0	0	0	0
shadow mark 5	0	0	0	0	0	0:01	0	0	0	0	0	0	0	0	0	0	0	0	0	0	0	0	0	0	0	0
ShannonOne	0	3	14	3	1	0:25	0	0	0	0	0	0	0	0	0	0	0	0	0	0	0	0	0	0	0	0
shantavia1	0	23	21	0	7	0:18	3	0	0	0	0	0	21	0	0	0	0	0	1	0	0	0	0	0	0	0
shanubarack	0	14	38	6	0	0:46	3	0	0	0	0	0	0	4	6	2	4	0	0	0	0	0	0	0	1	0
shee no0b	0	5	4	0	1	0:03	1	0	0	0	0	0	0	1	1	0	0	0	0	0	0	0	0	0	1	1
shobuku	0	0	0	0	0	0:01	0	0	0	0	0	0	0	0	0	0	0	0	0	0	0	0	0	0	0	0
ShodSpartan117	0	99	68	14	54	0:25	11	1	0	0	0	0	30	0	15	2	0	0	4	0	0	0	0	0	0	0
sHoTuMuPyUpP	0	2	5	0	1	0:01	0	0	0	0	0	0	0	0	0	1	0	0	0	0	0	0	0	0	0	0
Shovelnik	0	26	91	17	3	0:38	1	0	0	0	0	0	2	0	4	2	0	0	0	0	0	0	0	0	0	0
ShydowWolf	1	57	59	6	1	1:14	2	0	0	0	0	0	8	16	12	4	0	0	2	0	0	0	0	0	0	0
ShYNz0	0	80	75	6	21	0:24	6	0	0	0	0	0	52	0	4	2	0	1	2	0	0	0	0	0	0	0
SidelingSmille	0	8	29	1	0	0:26	1	0	0	0	0	0	0	2	5	1	0	0	0	0	0	0	0	0	0	0
SIF 86RiVeRhAwK	0	6	15	0	0	0:07	1	0	0	0	0	0	6	0	0	0	0	0	0	0	0	0	0	0	0	0
SilentMrkiller	2	38	47	9	7	0:43	5	0	0	0	0	0	3	5	11	2	1	0	2	0	0	0	0	0	1	0
silicone life 3	1	109	33	9	29	1:02	15	2	1	0	0	0	2	9	5	0	3	0	6	3	2	2	1	0	3	0
Silver Ice 119	1	23	6	8	0	0:40	1	0	0	0	0	0	0	11	1	0	0	0	2	0	0	0	0	0	0	0
simaosimao	0	86	131	23	6	0:41	4	0	0	0	0	0	5	0	15	13	0	0	2	0	0	0	0	0	0	0
simosuper	0	0	0	0	0	0:00	0	0	0	0	0	0	0	0	0	0	0	0	0	0	0	0	0	0	0	0
Sincerelywill	0	0	0	0	0	0:00	0	0	0	0	0	0	0	0	0	0	0	0	0	0	0	0	0	0	0	0
singo32	0	1	55	2	0	0:34	0	0	0	0	0	0	0	0	0	0	0	0	0	0	0	0	0	0	0	0
Sinistror73	1	5	2	0	1	0:08	0	0	0	0	0	0	2	0	2	0	0	0	0	0	0	0	0	2	0	0
Sinux91	0	5	8	1	1	0:06	0	0	0	0	0	0	5	0	0	0	0	0	0	0	0	0	0	0	0	0
SirSleepySloth	0	6	31	1	2	0:13	0	0	0	0	0	0	4	0	0	1	0	0	0	0	0	0	0	0	0	0
Sithon555	1	14	32	3	4	0:23	1	0	0	0	0	0	4	0	1	0	0	0	0	0	0	0	0	0	1	0
SIXTEEN MARCO	0	4	7	1	2	0:08	1	0	0	0	0	0	4	0	0	0	0	0	0	0	0	0	0	0	0	0
SkepticalTom	0	0	1	0	0	0:03	0	0	0	0	0	0	0	0	0	0	0	0	0	0	0	0	0	0	0	0
Skiddy 632	0	42	28	5	38	0:21	1	0	0	0	0	0	0	0	0	0	0	0	1	0	0	0	0	0	0	0
sKiFx	0	40	37	5	9	0:23	2	0	0	0	0	0	36	0	3	1	0	0	0	0	0	0	0	0	0	0
skunckyaxe	0	22	17	2	6	0:06	0	0	0	0	0	0	2	0	6	2	0	0	1	0	0	0	0	0	0	0
SkyDragon122	0	12	18	5	10	0:04	0	0	0	0	0	0	0	0	0	1	0	0	0	0	0	0	0	0	0	0
slash 343	0	38	16	3	21	0:11	5	2	0	0	0	0	38	0	0	0	0	0	2	2	0	0	0	0	0	0
SLAYER 557	0	15	9	2	6	0:11	0	0	0	0	0	0	1	0	1	0	0	0	0	0	0	0	0	0	0	0
slayerberg	1	0	5	1	0	0:08	0	0	0	0	0	0	0	0	0	0	0	0	0	0	0	0	0	0	3	0
slcool60	0	2	4	0	0	0:07	0	0	0	0	0	0	1	0	0	0	0	0	0	0	0	0	0	0	0	0
SliceBlade	0	0	0	0	0	0:05	0	0	0	0	0	0	0	0	0	0	0	0	0	0	0	0	0	0	0	0
SLIPKNOT5666	0	3	11	0	0	0:11	0	0	0	0	0	0	0	0	1	1	0	0	0	0	0	0	0	0	0	0
SLsniper408	0	115	81	13	26	0:53	13	2	0	0	0	0	32	0	24	12	0	2	7	0	0	0	0	0	0	0
SmG Calendzypop	0	44	24	13	30	0:08	7	1	0	0	0	0	7	0	1	2	0	0	2	0	0	0	0	0	0	0
SmG Claymore 00	0	7	15	1	3	0:26	0	0	0	0	0	0	1	0	0	0	0	0	1	0	0	0	0	0	0	0
SmG Cloud	0	0	0	0	0	0:00	0	0	0	0	0	0	0	0	0	0	0	0	0	0	0	0	0	0	0	0
SmG Crazygrunt	0	46	38	2	25	0:15	4	0	0	0	0	0	24	0	3	1	0	0	0	0	0	0	0	0	0	0
SmG I AnaRCHy I	0	0	0	0	0	0:00	0	0	0	0	0	0	0	0	0	0	0	0	0	0	0	0	0	0	0	0
SmG I Raz0s I	0	0	0	0	0	0:00	0	0	0	0	0	0	0	0	0	0	0	0	0	0	0	0	0	0	0	0
SmG IcedOut	2	8	0	0	3	0:05	0	0	0	0	0	0	0	2	0	0	0	0	1	0	0	0	0	1	0	0
SmG J4nitor	0	2	3	1	0	0:01	0	0	0	0	0	0	1	0	1	0	0	0	0	0	0	0	0	0	0	0
SmG Jazz	0	50	65	6	10	0:43	4	1	0	0	0	0	23	14	2	2	2	0	3	1	0	0	0	0	0	0
SmG Kotaro26	0	2	1	0	2	0:01	0	0	0	0	0	0	2	0	0	0	0	0	0	0	0	0	0	0	0	0
SmG Soldierz	0	0	0	0	0	0:00	0	0	0	0	0	0	0	0	0	0	0	0	0	0	0	0	0	0	0	0
SmG V	1	361	85	45	175	3:16	20	3	0	0	0	0	220	7	7	7	2	2	26	9	4	4	3	3	4	3
SmG xAliEn	1	72	35	16	47	0:50	4	1	0	0	0	0	18	0	9	0	0	0	5	1	0	0	0	0	0	0
SmittyPPWowWow	1	62	136	49	3	3:30	3	0	0	0	0	0	0	13	8	7	0	0	1	0	0	0	0	0	1	3
Smudger295	0	13	3	0	4	0:15	0	0	0	0	0	0	11	0	0	0	0	1	1	1	0	0	0	0	0	0
smykill	0	0	0	0	0	0:01	0	0	0	0	0	0	0	0	0	0	0	0	0	0	0	0	0	0	0	0
SnapSupersonic	0	5	15	1	0	0:08	0	0	0	0	0	0	0	2	2	0	0	0	0	0	0	0	0	1	0	0
sneakiest14	0	22	22	4	0	0:29	0	0	0	0	0	0	0	16	1	0	0	0	1	1	1	1	0	0	1	0
Snipeonline	0	0	0	0	0	0:05	0	0	0	0	0	0	0	0	0	0	0	0	0	0	0	0	0	0	0	0
SniperGhost76	0	0	0	0	0	0:00	0	0	0	0	0	0	0	0	0	0	0	0	0	0	0	0	0	0	0	0
Sniperman357	0	8	31	17	1	0:40	0	0	0	0	0	0	0	1	1	0	0	0	0	0	0	0	0	0	1	0
SnipeShout	0	94	119	20	19	0:39	8	0	0	0	0	0	9	0	26	7	1	0	3	0	0	0	0	0	0	0
snkpro2010	1	23	54	28	8	2:57	0	0	0	0	0	0	10	3	2	1	0	0	1	0	0	0	0	0	0	0
Snow Is Golden	0	1	5	1	0	0:03	0	0	0	0	0	0	0	0	0	1	0	0	0	0	0	0	0	0	0	0
snowmandown	0	18	16	2	5	0:14	1	0	0	0	0	0	16	0	1	1	0	0	1	0	0	0	0	0	0	0
SodaCrazy	0	19	25	19	2	0:42	1	0	0	0	0	0	0	3	6	3	1	0	0	0	0	0	0	0	2	1
SolarKai	0	0	0	0	0	0:00	0	0	0	0	0	0	0	0	0	0	0	0	0	0	0	0	0	0	0	0
Soldi3rSiDe	0	77	42	10	36	0:14	12	3	1	0	0	0	36	0	2	1	0	1	4	0	0	0	0	0	0	0
soldiersadik	0	1	5	0	0	0:01	0	0	0	0	0	0	0	0	0	0	0	0	0	0	0	0	0	0	0	0
SolidZech	0	0	3	2	0	0:05	0	0	0	0	0	0	0	0	0	0	0	0	0	0	0	0	0	0	0	0
somegit	1	72	60	17	13	1:03	5	0	0	0	0	0	4	3	32	9	0	0	2	0	0	0	0	1	0	0
SonsyHalo	0	0	1	0	0	0:10	0	0	0	0	0	0	0	0	0	0	0	0	0	0	0	0	0	0	0	0
soooooo gamey	0	0	1	0	0	0:06	0	0	0	0	0	0	0	0	0	0	0	0	0	0	0	0	0	0	0	0
soprablabla	0	13	26	0	3	0:22	0	0	0	0	0	0	4	0	6	0	0	0	0	0	0	0	0	1	0	0
SOS James	0	26	20	5	5	0:24	3	0	0	0	0	0	2	0	3	2	0	0	2	0	0	0	0	0	0	0
soulcrusher797	0	0	2	0	0	0:01	0	0	0	0	0	0	0	0	0	0	0	0	0	0	0	0	0	0	0	0
spades137	3	174	104	44	71	2:34	8	0	0	0	0	0	30	18	19	8	2	2	9	3	1	1	1	2	0	6
spartan 1176956	0	0	0	0	0	0:01	0	0	0	0	0	0	0	0	0	0	0	0	0	0	0	0	0	0	0	0
SPARTAN GK	0	128	70	21	65	0:39	13	1	0	0	0	0	15	0	22	11	0	0	7	2	0	0	0	0	0	0
SPARTANGLORY117	0	5	8	1	3	0:10	0	0	0	0	0	0	4	0	0	1	0	0	0	0	0	0	0	0	0	0
SpartanH172	0	1	1	0	0	0:15	0	0	0	0	0	0	0	0	1	0	0	0	0	0	0	0	0	0	0	0
SpartanII300	0	11	70	11	2	0:11	0	0	0	0	0	0	0	0	2	4	0	0	0	0	0	0	0	0	0	0
SpartanJosse35	0	20	13	0	5	0:08	1	0	0	0	0	0	14	0	3	1	0	0	0	0	0	0	0	0	0	0
spartanjune1996	0	14	21	0	4	0:23	0	0	0	0	0	0	5	0	3	3	0	0	1	0	0	0	0	0	0	0
SpartanManga	0	0	0	0	0	0:00	0	0	0	0	0	0	0	0	0	0	0	0	0	0	0	0	0	0	0	0
sparten 63	0	8	35	0	4	0:43	0	0	0	0	0	0	0	2	1	0	0	0	0	0	0	0	0	0	0	1
SPARTEN091890	0	9	18	1	0	0:07	1	0	0	0	0	0	1	0	1	1	0	0	0	0	0	0	0	0	0	0
spasmnation	0	0	5	1	0	0:03	0	0	0	0	0	0	0	0	0	0	0	0	0	0	0	0	0	0	0	0
spata101	0	1	9	0	1	0:08	0	0	0	0	0	0	0	0	0	0	1	0	0	0	0	0	0	0	0	0
spiderbig2	0	0	0	0	0	0:00	0	0	0	0	0	0	0	0	0	0	0	0	0	0	0	0	0	0	0	0
spirtspear	0	8	8	3	0	0:10	0	0	0	0	0	0	0	3	0	0	0	2	0	0	0	0	0	0	0	0
SpuzzZero	0	0	1	0	0	0:00	0	0	0	0	0	0	0	0	0	0	0	0	0	0	0	0	0	0	0	0
Spybot9000	0	49	38	3	16	0:23	2	0	0	0	0	0	37	0	7	4	0	0	3	0	0	0	0	0	0	0
SQUADRONE ELIT	0	0	0	0	0	0:00	0	0	0	0	0	0	0	0	0	0	0	0	0	0	0	0	0	0	0	0
Starcruncher08	0	0	0	0	0	0:05	0	0	0	0	0	0	0	0	0	0	0	0	0	0	0	0	0	0	0	0
starfighter37	0	13	9	3	7	0:15	0	0	0	0	0	0	9	0	2	1	0	0	1	0	0	0	0	0	0	0
StatutoryTrOy	0	0	1	0	0	0:00	0	0	0	0	0	0	0	0	0	0	0	0	0	0	0	0	0	0	0	0
stealth925	0	17	21	2	3	0:06	3	0	0	0	0	0	1	0	2	2	0	0	0	0	0	0	0	0	0	0
SteelUNSCMarine	0	16	60	11	2	0:18	1	0	0	0	0	0	3	0	1	1	0	0	0	0	0	0	0	0	0	0
steinKohorte	0	6	25	2	1	0:22	0	0	0	0	0	0	6	0	0	0	0	0	0	0	0	0	0	0	0	0
Stephane2412	0	33	58	10	5	0:45	2	0	0	0	0	0	8	2	2	2	0	0	0	0	0	0	0	0	0	0
StillSquash	0	3	16	1	0	0:14	0	0	0	0	0	0	0	1	0	1	0	0	0	0	0	0	0	0	0	0
StopWeetos	0	10	9	3	3	0:13	0	0	0	0	0	0	1	0	3	0	0	0	0	0	0	0	0	0	0	0
Storch100	0	61	35	15	5	0:50	6	0	0	0	0	0	7	20	0	0	0	0	3	1	1	1	0	0	0	0
Storm Lord Oden	0	45	35	28	1	1:17	2	1	0	0	0	0	0	33	3	1	1	0	2	2	0	0	0	0	0	2
StormRayV3	0	10	24	6	6	0:12	0	0	0	0	0	0	0	0	0	0	0	0	0	0	0	0	0	0	0	0
StretchyParker	5	103	191	62	6	6:55	8	2	0	0	0	0	6	42	11	9	4	1	4	2	1	1	0	1	0	1
Stride Bag	0	0	2	0	0	0:00	0	0	0	0	0	0	0	0	0	0	0	0	0	0	0	0	0	0	0	0
stupiddevilboy1	0	0	0	0	0	0:00	0	0	0	0	0	0	0	0	0	0	0	0	0	0	0	0	0	0	0	0
Sub Zero Pulse	0	0	0	0	0	0:02	0	0	0	0	0	0	0	0	0	0	0	0	0	0	0	0	0	0	0	0
SubnormalAphid	0	0	0	0	0	0:00	0	0	0	0	0	0	0	0	0	0	0	0	0	0	0	0	0	0	0	0
SubtotalKeegan	0	126	253	25	48	2:09	7	0	0	0	0	0	23	2	12	5	0	0	1	0	0	0	0	0	0	0
Sup3rSpart3n	0	1	5	0	1	0:08	0	0	0	0	0	0	0	0	0	0	1	0	0	0	0	0	0	0	0	0
super echo	1	10	3	4	0	0:19	1	0	0	0	0	0	0	3	2	3	0	0	0	0	0	0	0	1	1	1
SuperShaq	0	33	44	10	6	0:18	2	0	0	0	0	0	2	0	7	7	0	0	0	0	0	0	0	0	0	0
superter	0	19	29	2	8	0:13	1	0	0	0	0	0	15	0	3	0	0	0	0	0	0	0	0	0	0	0
sw0rd n shotie	0	65	64	1	17	0:26	6	1	0	0	0	0	27	0	8	4	0	0	1	0	0	0	0	0	0	0
SweeterHalo boy	0	0	0	0	0	0:00	0	0	0	0	0	0	0	0	0	0	0	0	0	0	0	0	0	0	0	0
TacoVendor658	0	0	0	0	0	0:00	0	0	0	0	0	0	0	0	0	0	0	0	0	0	0	0	0	0	0	0
Tanked123up	0	6	11	0	0	0:11	1	0	0	0	0	0	1	1	0	0	0	0	1	0	0	0	0	0	0	0
Tankroot	0	65	58	14	9	0:30	4	0	0	0	0	0	7	0	8	2	1	0	2	0	0	0	0	0	0	0
TbyrdGold	0	0	0	0	0	0:00	0	0	0	0	0	0	0	0	0	0	0	0	0	0	0	0	0	0	0	0
TD iblaCkpwnD	0	127	86	35	53	0:38	14	1	0	0	0	0	36	1	7	11	0	0	6	0	0	0	0	0	0	0
Team Amerika	0	33	8	5	14	0:30	3	0	0	0	0	0	15	4	1	0	0	0	2	1	0	0	0	0	0	1
tedybeareyes4u	0	3	10	4	0	0:15	0	0	0	0	0	0	1	0	1	0	0	0	0	0	0	0	0	0	0	0
teedogg20	0	3	52	2	1	0:51	0	0	0	0	0	0	0	1	0	0	0	0	0	0	0	0	0	0	1	0
TehRobert	0	0	0	0	0	0:00	0	0	0	0	0	0	0	0	0	0	0	0	0	0	0	0	0	0	0	0
TeletabiXXXL	0	20	8	15	4	0:17	1	0	0	0	0	0	0	1	6	1	0	0	0	0	0	0	0	0	0	1
Telmo GER	0	32	75	6	5	0:42	1	0	0	0	0	0	30	0	0	0	0	0	0	0	0	0	0	0	0	0
TempRyanknight	0	3	2	0	0	0:07	0	0	0	0	0	0	0	0	0	0	0	0	0	0	0	0	0	0	0	0
tennis579	0	23	18	7	3	0:32	2	0	0	0	0	0	0	0	10	1	0	2	0	0	0	0	0	0	0	0
TenseGrunt	0	1	22	2	0	0:33	0	0	0	0	0	0	0	1	0	0	0	0	0	0	0	0	0	0	0	0
teporati	0	0	0	0	0	0:00	0	0	0	0	0	0	0	0	0	0	0	0	0	0	0	0	0	0	0	0
terimorissette	0	18	196	16	5	2:04	0	0	0	0	0	0	2	8	1	0	1	0	0	0	0	0	0	0	0	0
Terminator1556	0	0	2	0	0	0:01	0	0	0	0	0	0	0	0	0	0	0	0	0	0	0	0	0	0	0	0
TerrifiedSABA	1	96	108	4	39	2:01	2	0	0	0	0	0	26	2	15	5	0	0	4	0	0	0	0	0	2	3
TF StickMaster	0	23	11	4	11	0:12	3	0	0	0	0	0	4	0	1	1	0	3	0	0	0	0	0	0	0	0
Thade11	0	0	0	0	0	0:00	0	0	0	0	0	0	0	0	0	0	0	0	0	0	0	0	0	0	0	0
THAME TW	0	11	14	8	6	0:17	0	0	0	0	0	0	0	0	1	2	1	0	0	0	0	0	0	0	0	0
thatfoolishguy	0	4	7	1	3	0:10	0	0	0	0	0	0	0	0	0	1	1	0	0	0	0	0	0	0	1	0
The Foregeiner	4	246	91	40	116	2:50	15	1	0	0	0	0	31	5	17	4	7	2	15	6	2	2	1	1	8	3
The Gold Baron	0	3	9	1	2	0:03	0	0	0	0	0	0	1	0	0	0	0	0	0	0	0	0	0	0	0	0
The langerdan	0	18	15	5	5	0:25	0	0	0	0	0	0	0	4	3	2	0	0	0	0	0	0	0	0	0	2
the leggend91	0	8	17	6	2	0:19	0	0	0	0	0	0	1	1	0	1	0	0	0	0	0	0	0	0	0	0
the micahnater	0	12	43	5	0	0:35	0	0	0	0	0	0	0	4	2	4	0	0	0	0	0	0	0	1	0	0
THE PINDALORD	0	0	1	0	0	0:01	0	0	0	0	0	0	0	0	0	0	0	0	0	0	0	0	0	0	0	0
the sniper a	0	6	19	0	3	0:06	0	0	0	0	0	0	4	0	0	1	0	0	0	0	0	0	0	0	0	0
TheASSASSINPro	1	6	7	2	2	0:15	0	0	0	0	0	0	0	2	0	0	0	0	0	0	0	0	0	1	0	0
thefam2000	0	30	45	14	5	1:32	3	0	0	0	0	0	7	6	3	1	0	1	0	0	0	0	0	0	0	0
TheGreatestGuy	1	655	124	38	446	2:36	103	24	6	3	2	4	441	1	16	12	0	1	48	15	9	7	7	7	7	7
THEjmHD	1	4	6	0	0	0:12	0	0	0	0	0	0	0	0	2	2	0	0	0	0	0	0	0	3	1	2
TheOriginalBob	0	0	0	0	0	0:02	0	0	0	0	0	0	0	0	0	0	0	0	0	0	0	0	0	0	0	0
ThePantryMaster	0	114	58	17	103	0:18	27	5	0	0	0	0	0	0	1	1	0	0	5	1	0	0	0	0	0	0
ThePiece666	0	5	20	5	1	0:18	0	0	0	0	0	0	3	0	1	0	0	0	0	0	0	0	0	0	0	0
ThePunisher D12	0	0	0	0	0	0:00	0	0	0	0	0	0	0	0	0	0	0	0	0	0	0	0	0	0	0	0
TheRenegadeOne	0	0	3	0	0	0:02	0	0	0	0	0	0	0	0	0	0	0	0	0	0	0	0	0	0	0	0
TheSky777	0	0	0	0	0	0:00	0	0	0	0	0	0	0	0	0	0	0	0	0	0	0	0	0	0	0	0
TheSpineSnatch	3	20	19	8	2	0:40	3	1	0	0	0	0	0	0	4	2	2	0	0	0	0	0	0	0	1	5
thestrangestick	0	9	3	1	3	0:08	0	0	0	0	0	0	7	0	0	0	1	0	0	0	0	0	0	0	0	0
TheTomatoPie	1	9	8	0	3	0:08	0	0	0	0	0	0	7	0	0	0	0	0	0	0	0	0	0	1	0	0
Theyloveme	0	7	15	1	0	0:06	0	0	0	0	0	0	5	1	0	0	0	0	0	0	0	0	0	0	0	0
THJ Cobra	0	7	9	2	1	0:11	0	0	0	0	0	0	0	0	2	0	1	0	0	0	0	0	0	0	0	0
Thomas Sparks	0	6	30	3	3	0:20	0	0	0	0	0	0	0	1	2	0	0	0	0	0	0	0	0	0	0	0
thomask3737	0	0	0	0	0	0:05	0	0	0	0	0	0	0	0	0	0	0	0	0	0	0	0	0	0	0	0
thomason123	0	31	27	4	28	0:13	1	0	0	0	0	0	0	0	0	0	0	0	2	0	0	0	0	0	0	0
thomasxp5	0	28	11	8	20	0:07	2	0	0	0	0	0	1	0	3	1	0	0	2	0	0	0	0	0	0	0
Thug Elit3	0	0	0	0	0	0:00	0	0	0	0	0	0	0	0	0	0	0	0	0	0	0	0	0	0	0	0
ThxWaffles	0	4	23	4	1	0:16	0	0	0	0	0	0	4	0	0	0	0	0	0	0	0	0	0	0	0	0
Tiger Goes Rawr	0	21	10	2	4	0:17	0	0	0	0	0	0	8	0	8	2	0	0	1	0	0	0	0	0	0	0
TigerWoodsWood	0	49	32	14	16	0:15	7	1	0	0	0	0	3	0	13	8	0	4	1	0	0	0	0	0	0	0
tiliusman	0	0	0	0	0	0:00	0	0	0	0	0	0	0	0	0	0	0	0	0	0	0	0	0	0	0	0
TimisBeast123	0	0	0	0	0	0:00	0	0	0	0	0	0	0	0	0	0	0	0	0	0	0	0	0	0	0	0
timmlex457	0	29	28	6	6	0:23	2	0	0	0	0	0	11	1	5	6	2	0	1	0	0	0	0	0	0	2
timthelegend93	0	40	40	1	9	0:35	0	0	0	0	0	0	0	15	0	1	1	0	2	1	0	0	0	0	0	0
Titanium1313	0	15	23	3	0	0:32	1	0	0	0	0	0	3	0	3	0	0	0	1	0	0	0	0	0	0	0
titen slare	0	0	0	0	0	0:00	0	0	0	0	0	0	0	0	0	0	0	0	0	0	0	0	0	0	0	0
tocho48	0	74	55	12	4	0:25	3	0	0	0	0	0	3	0	21	9	0	0	4	1	0	0	0	0	0	0
togo9b	0	0	1	0	0	0:00	0	0	0	0	0	0	0	0	0	0	0	0	0	0	0	0	0	0	0	0
TomiS222	0	25	23	0	8	0:20	1	1	0	0	0	0	19	0	2	3	0	0	1	0	0	0	0	0	0	0
Tomtom277	2	2	34	2	2	0:51	0	0	0	0	0	0	0	0	0	0	0	0	0	0	0	0	0	0	0	0
Topazslasher	0	1	6	2	0	0:13	0	0	0	0	0	0	0	0	0	0	0	0	0	0	0	0	0	0	0	0
TougherDeclan	0	2	25	0	0	0:39	0	0	0	0	0	0	1	0	1	0	0	0	0	0	0	0	0	0	0	0
TOXIC RAIN 37	0	9	28	13	0	0:38	0	0	0	0	0	0	0	4	2	0	1	0	0	0	0	0	0	1	0	1
trazroze	3	66	37	6	10	1:33	2	0	0	0	0	0	9	13	13	6	0	0	5	1	0	0	0	0	0	0
Treky3of5	0	22	96	12	4	0:31	0	0	0	0	0	0	5	0	3	1	0	0	0	0	0	0	0	0	0	0
tribe checkahoe	1	83	35	9	40	1:31	5	0	0	0	0	0	54	3	1	1	0	2	7	0	0	0	0	0	0	1
Trogdaur	0	1	2	0	0	0:00	0	0	0	0	0	0	0	0	0	0	0	0	0	0	0	0	0	0	0	0
troopers123	1	76	71	39	4	1:47	3	1	0	0	0	0	1	29	16	4	3	1	5	1	0	0	0	0	1	0
Truckfuhrer	0	6	2	2	5	0:05	0	0	0	0	0	0	3	0	1	0	0	0	0	0	0	0	0	0	0	0
truckinjack	0	1	8	0	0	0:09	0	0	0	0	0	0	0	1	0	0	0	0	0	0	0	0	0	0	0	0
Truzenzux	0	51	51	9	21	0:42	1	0	0	0	0	0	43	0	4	1	0	0	1	0	0	0	0	0	0	0
turbo man122	0	10	14	0	0	0:12	0	0	0	0	0	0	0	1	3	0	1	0	0	0	0	0	0	0	0	0
TurkeyneckTuna	0	0	0	0	0	0:00	0	0	0	0	0	0	0	0	0	0	0	0	0	0	0	0	0	0	0	0
TwentyRider76	0	26	14	4	13	0:20	1	0	0	0	0	0	9	0	2	0	0	0	1	0	0	0	0	0	0	0
Twiggleman	0	11	27	3	1	0:27	0	0	0	0	0	0	0	0	6	2	0	0	0	0	0	0	0	0	0	0
TWINLOCK	0	4	5	0	1	0:01	0	0	0	0	0	0	1	0	1	1	0	0	0	0	0	0	0	0	0	0
TxR bananarama	0	11	23	0	1	0:06	1	0	0	0	0	0	11	0	0	0	0	0	1	0	0	0	0	0	0	0
Tyler 4799	0	0	0	0	0	0:01	0	0	0	0	0	0	0	0	0	0	0	0	0	0	0	0	0	0	0	0
Tzual	0	0	0	0	0	0:00	0	0	0	0	0	0	0	0	0	0	0	0	0	0	0	0	0	0	0	0
U 28 00002	0	51	22	0	10	0:10	8	3	0	0	0	0	47	0	1	0	0	0	3	0	0	0	0	0	0	0
UbberGamers101	0	1	9	2	1	0:06	0	0	0	0	0	0	0	0	0	0	0	0	0	0	0	0	0	0	0	0
UdaPooPoo	0	38	49	22	8	0:26	5	0	0	0	0	0	1	2	1	1	0	0	0	0	0	0	0	0	0	0
udiethrice	0	2	6	1	0	0:02	0	0	0	0	0	0	0	0	0	0	0	0	0	0	0	0	0	0	0	0
UF Beazt	0	32	12	4	9	0:32	0	0	0	0	0	0	7	5	1	1	0	1	2	1	0	0	0	1	1	1
UF Nanners	0	11	6	0	2	0:14	0	0	0	0	0	0	4	0	1	0	0	0	0	0	0	0	0	0	0	0
UF Oosmus	0	3	8	5	1	0:17	0	0	0	0	0	0	0	1	0	0	1	0	0	0	0	0	0	0	0	0
UlisesFR	0	0	4	0	0	0:01	0	0	0	0	0	0	0	0	0	0	0	0	0	0	0	0	0	0	0	0
ultichief7	0	0	2	0	0	0:05	0	0	0	0	0	0	0	0	0	0	0	0	0	0	0	0	0	0	0	0
umbrella003	0	7	16	3	3	0:05	0	0	0	0	0	0	0	0	2	0	0	0	0	0	0	0	0	0	0	0
unam98	0	2	2	0	0	0:02	0	0	0	0	0	0	0	0	0	0	0	0	0	0	0	0	0	1	0	0
UnbackedSerabis	0	10	9	4	1	0:11	2	0	0	0	0	0	0	0	0	0	0	0	1	0	0	0	0	1	0	0
undeadbobop	0	0	0	0	0	0:32	0	0	0	0	0	0	0	0	0	0	0	0	0	0	0	0	0	0	0	0
undo redo	0	1	9	0	0	0:00	0	0	0	0	0	0	0	0	0	0	0	0	0	0	0	0	0	0	0	0
Unh0ly BaGe1	0	0	0	0	0	0:02	0	0	0	0	0	0	0	0	0	0	0	0	0	0	0	0	0	0	0	0
unit2965	0	0	0	0	0	0:00	0	0	0	0	0	0	0	0	0	0	0	0	0	0	0	0	0	0	0	0
unite173	0	4	10	2	0	0:10	0	0	0	0	0	0	0	2	0	0	0	0	0	0	0	0	0	0	0	0
unjointedef	0	63	113	23	11	0:54	3	0	0	0	0	0	9	0	3	4	0	0	0	0	0	0	0	0	0	0
unnknow123	0	3	8	2	2	0:02	0	0	0	0	0	0	0	0	0	0	0	0	0	0	0	0	0	0	0	0
ure son of btch	1	8	7	0	1	0:10	0	0	0	0	0	0	0	0	4	3	0	0	0	0	0	0	0	2	1	1
Uriel Harden	2	24	19	11	3	0:41	3	1	0	0	0	0	0	1	3	3	0	0	1	0	0	0	0	0	1	3
Vagasniper	0	24	34	2	12	0:18	2	0	0	0	0	0	15	0	1	0	0	0	1	0	0	0	0	0	0	0
Val2se7en	0	0	3	3	0	0:03	0	0	0	0	0	0	0	0	0	0	0	0	0	0	0	0	0	0	0	0
Valagardo	0	35	16	2	7	0:13	2	0	0	0	0	0	28	0	2	0	0	0	3	0	0	0	0	0	0	0
Vampiriev	0	20	35	8	3	0:31	1	0	0	0	0	0	6	8	1	0	4	0	1	0	0	0	0	0	0	0
vanilla beanboy	0	0	2	0	0	0:01	0	0	0	0	0	0	0	0	0	0	0	0	0	0	0	0	0	0	0	0
Vash3K	4	4	2	0	2	0:12	0	0	0	0	0	0	1	0	0	1	0	0	0	0	0	0	0	3	2	1
Vergetaz	2	60	57	10	5	1:21	5	2	0	0	0	0	4	1	9	3	5	0	2	1	1	1	1	1	1	3
VeryCoolman579	0	0	0	0	0	0:00	0	0	0	0	0	0	0	0	0	0	0	0	0	0	0	0	0	0	0	0
vidizsz	0	65	171	12	17	1:14	2	1	0	0	0	0	49	0	6	5	0	0	0	0	0	0	0	0	0	0
vincentb1	0	0	0	0	0	0:00	0	0	0	0	0	0	0	0	0	0	0	0	0	0	0	0	0	0	0	0
virtual miky	0	29	39	7	9	0:54	0	0	0	0	0	0	21	0	2	4	0	0	1	0	0	0	0	0	0	0
Voltiac Liquid	0	0	1	0	0	0:07	0	0	0	0	0	0	0	0	0	0	0	0	0	0	0	0	0	0	0	0
voxman08	0	9	43	7	0	0:51	1	0	0	0	0	0	0	0	3	2	0	0	0	0	0	0	0	0	0	4
Vrabel24	0	7	5	0	2	0:06	0	0	0	0	0	0	4	0	1	0	0	2	0	0	0	0	0	0	0	0
VVV92	0	88	135	44	12	1:07	8	0	0	0	0	0	13	1	24	9	0	2	2	0	0	0	0	0	0	0
W1CK3D5T1CK5	0	0	0	0	0	0:00	0	0	0	0	0	0	0	0	0	0	0	0	0	0	0	0	0	0	0	0
wacky apple16	0	0	0	0	0	0:00	0	0	0	0	0	0	0	0	0	0	0	0	0	0	0	0	0	0	0	0
wahiro13	0	13	85	7	1	1:12	0	0	0	0	0	0	4	0	4	2	1	0	0	0	0	0	0	0	0	1
WalXD	3	199	99	20	40	1:56	12	3	0	0	0	0	67	27	51	15	4	0	14	4	1	1	1	1	1	1
Ward177	0	35	14	4	9	0:40	1	1	0	0	0	0	19	7	0	0	0	0	2	1	0	0	0	0	0	0
warlord0999999	0	0	0	0	0	0:02	0	0	0	0	0	0	0	0	0	0	0	0	0	0	0	0	0	0	0	0
warlord1tony	1	53	49	13	10	1:32	4	0	0	0	0	0	2	14	0	1	1	0	3	1	0	0	0	0	0	1
WarmedHandled	0	21	62	4	4	0:50	0	0	0	0	0	0	13	2	1	0	1	1	0	0	0	0	0	0	1	1
WarpScott	0	1	4	0	0	0:05	0	0	0	0	0	0	0	0	0	0	0	0	0	0	0	0	0	2	0	0
Wasingup	0	13	125	10	5	1:03	0	0	0	0	0	0	8	0	0	2	0	0	0	0	0	0	0	0	0	0
WattledMm05	0	0	0	0	0	0:00	0	0	0	0	0	0	0	0	0	0	0	0	0	0	0	0	0	0	0	0
Wdubosecsvt	1	70	36	27	22	1:28	4	0	0	0	0	0	36	2	8	5	0	0	6	0	0	0	0	0	0	2
wedge 2010	0	2	10	3	0	0:02	0	0	0	0	0	0	0	0	0	0	0	0	0	0	0	0	0	0	0	0
weirdowack	1	41	35	13	6	1:28	0	0	0	0	0	0	6	5	2	0	1	0	2	0	0	0	0	0	0	1
WelpeRobert1704	5	469	603	76	103	4:58	51	5	1	0	0	0	135	29	46	21	6	0	6	2	1	1	1	1	1	1
wertun5	0	7	13	0	0	0:05	0	0	0	0	0	0	5	0	0	1	0	0	0	0	0	0	0	0	0	0
wesh52	0	0	4	0	0	0:01	0	0	0	0	0	0	0	0	0	0	0	0	0	0	0	0	0	0	0	0
WhataBeach	0	0	0	0	0	0:00	0	0	0	0	0	0	0	0	0	0	0	0	0	0	0	0	0	0	0	0
WhiteKong1995	0	0	0	0	0	0:00	0	0	0	0	0	0	0	0	0	0	0	0	0	0	0	0	0	0	0	0
whymeguys	0	1	0	1	0	0:01	0	0	0	0	0	0	0	0	1	0	0	0	0	0	0	0	0	0	0	0
WildcatHurlford	0	6	19	1	4	0:05	0	0	0	0	0	0	0	0	1	1	0	0	0	0	0	0	0	0	0	0
wildmegaman	0	3	14	0	0	0:07	0	0	0	0	0	0	0	0	1	0	0	0	0	0	0	0	0	0	0	0
WildStyle011	0	16	11	0	12	0:12	1	0	0	0	0	0	0	0	0	0	0	0	0	0	0	0	0	0	0	0
willnkim13	0	0	1	0	0	0:02	0	0	0	0	0	0	0	0	0	0	0	0	0	0	0	0	0	0	0	0
Windows007	0	35	19	0	14	0:10	3	1	0	0	0	0	35	0	0	0	0	0	2	0	0	0	0	0	0	0
WindowsVista64	1	37	16	8	1	0:35	4	1	0	0	0	0	0	18	0	1	0	0	2	1	0	0	0	0	0	0
Wingit8	0	9	11	2	0	0:07	1	0	0	0	0	0	0	0	0	0	0	0	0	0	0	0	0	0	0	0
winmaster369	0	91	78	16	12	1:24	5	1	0	0	0	0	10	19	13	4	2	0	4	1	0	0	0	0	0	0
Winner of Game	0	10	16	0	3	0:08	0	0	0	0	0	0	9	0	1	0	0	0	0	0	0	0	0	0	0	0
wise3z	0	12	7	1	0	0:08	0	0	0	0	0	0	0	0	0	0	0	0	1	0	0	0	0	0	0	0
WistfulHornet	0	5	13	0	0	0:10	0	0	0	0	0	0	0	2	1	1	1	0	0	0	0	0	0	0	0	0
WojoLite	0	4	13	1	0	0:17	1	0	0	0	0	0	0	1	0	0	0	0	0	0	0	0	0	0	0	0
wolf9mil	0	8	14	13	0	0:39	0	0	0	0	0	0	0	7	0	0	0	0	0	0	0	0	0	0	0	0
wolfdog1959	0	32	50	13	3	0:47	4	0	0	0	0	0	3	4	0	0	0	0	2	0	0	0	0	0	1	0
Wolfenstomper	1	37	49	5	4	1:23	1	0	0	0	0	0	4	9	6	6	0	0	1	0	0	0	0	0	0	1
Wolfster12	2	11	33	10	2	0:45	0	0	0	0	0	0	0	4	0	1	0	0	0	0	0	0	0	0	1	0
WolfusX	0	28	60	9	5	0:20	1	0	0	0	0	0	5	0	12	2	0	0	0	0	0	0	0	0	0	0
woodyjr13	0	0	0	0	0	0:00	0	0	0	0	0	0	0	0	0	0	0	0	0	0	0	0	0	0	0	0
WoollyDarkwolf	0	0	2	0	0	0:02	0	0	0	0	0	0	0	0	0	0	0	0	0	0	0	0	0	0	0	0
woopup	0	0	0	0	0	0:05	0	0	0	0	0	0	0	0	0	0	0	0	0	0	0	0	0	0	0	0
WoShiYoshi	0	299	165	26	179	3:51	8	0	0	0	0	0	271	0	9	6	0	1	19	3	0	0	0	0	0	0
WRD123	0	4	11	0	1	0:06	0	0	0	0	0	0	4	0	0	0	0	0	0	0	0	0	0	0	0	0
wtf njo name	2	2	2	2	1	0:20	0	0	0	0	0	0	0	0	0	0	0	0	0	0	0	0	0	3	0	0
WUAFAN	0	3	35	3	1	0:10	0	0	0	0	0	0	0	0	0	2	0	0	0	0	0	0	0	0	0	0
x ClowN o	0	2	1	0	0	0:02	0	0	0	0	0	0	2	0	0	0	0	0	0	0	0	0	0	0	0	0
x WiLd ChiLd	0	0	7	0	0	0:02	0	0	0	0	0	0	0	0	0	0	0	0	0	0	0	0	0	0	0	0
x0x Raven x0x	0	48	63	13	12	0:39	2	0	0	0	0	0	5	0	10	8	0	2	0	0	0	0	0	0	0	0
x1if30wn3rx	0	0	7	0	0	0:03	0	0	0	0	0	0	0	0	0	0	0	0	0	0	0	0	0	0	0	0
x7xWarpx7x	0	4	1	0	0	0:06	0	0	0	0	0	0	2	0	2	0	0	0	0	0	0	0	0	0	0	0
xAc130above	0	55	18	3	37	0:32	2	0	0	0	0	0	12	0	2	0	0	0	4	1	0	0	0	0	0	0
xChaoticDream	1	19	8	9	7	0:18	1	0	0	0	0	0	0	0	2	1	2	0	1	0	0	0	0	0	2	1
xCRYSIS KILLERx	0	2	9	0	1	0:03	0	0	0	0	0	0	2	0	0	0	0	0	0	0	0	0	0	0	0	0
XDrums107	0	46	12	1	23	0:23	4	1	0	0	0	0	19	0	2	2	0	0	3	1	1	0	0	0	0	0
Xenouis	0	284	408	38	147	3:23	20	2	0	0	0	0	118	1	7	8	0	0	3	1	1	1	1	1	1	1
XG10A FREEDOM	0	0	0	0	0	0:00	0	0	0	0	0	0	0	0	0	0	0	0	0	0	0	0	0	0	0	0
xHardshot	0	1	1	0	0	0:01	0	0	0	0	0	0	0	1	0	0	0	0	0	0	0	0	0	0	0	0
XHN SCRAPY	0	40	17	0	19	0:12	2	1	0	0	0	0	37	0	2	1	0	0	3	0	0	0	0	0	0	0
xircid	0	20	15	9	4	0:24	1	0	0	0	0	0	15	2	1	0	0	0	1	0	0	0	0	0	0	0
xK1NGxASSASS1Nx	0	30	58	3	25	0:51	0	0	0	0	0	0	3	1	1	2	0	1	3	1	0	0	0	0	0	0
xKILLERxCLONE	0	38	51	6	7	0:21	0	0	0	0	0	0	2	0	13	8	0	0	1	0	0	0	0	0	0	0
xm1ch1x	0	3	13	3	1	0:09	0	0	0	0	0	0	0	0	2	0	0	0	0	0	0	0	0	0	0	0
XRockinLegacyX	0	0	0	0	0	0:00	0	0	0	0	0	0	0	0	0	0	0	0	0	0	0	0	0	0	0	0
XSNIPEXMAN	0	0	2	0	0	0:01	0	0	0	0	0	0	0	0	0	0	0	0	0	0	0	0	0	0	0	0
Xtreme Nostril	0	4	1	0	0	0:02	0	0	0	0	0	0	0	0	0	1	0	1	0	0	0	0	0	0	0	0
xTRKx BloodRun	0	1	1	0	0	0:01	0	0	0	0	0	0	0	0	0	0	1	0	0	0	0	0	0	0	0	0
Xv Max Power vX	0	0	0	0	0	0:00	0	0	0	0	0	0	0	0	0	0	0	0	0	0	0	0	0	0	0	0
xXDeadShadowsXx	0	0	0	0	0	0:00	0	0	0	0	0	0	0	0	0	0	0	0	0	0	0	0	0	0	0	0
xXDEATHMOBXx	0	21	2	5	10	0:17	3	0	0	0	0	0	15	2	1	1	2	0	1	1	1	0	0	0	0	0
XxGAZA KiLL3RxX	0	33	20	2	18	0:12	1	0	0	0	0	0	18	0	2	1	0	0	0	0	0	0	0	0	0	0
XxkillahawlkxX	0	0	0	0	0	0:00	0	0	0	0	0	0	0	0	0	0	0	0	0	0	0	0	0	0	0	0
xxrootofallevil	0	171	82	30	50	0:32	17	4	1	0	0	0	32	1	36	5	0	1	10	1	0	0	0	0	0	0
xXxGetBlazedxXx	0	6	1	0	3	0:03	0	0	0	0	0	0	0	0	0	0	0	2	1	0	0	0	0	0	0	0
XxxmadelinexxX	0	107	32	3	64	0:27	15	5	0	0	0	0	100	0	3	3	0	0	6	3	1	1	0	0	0	0
xY SuperNova Yx	0	62	32	12	22	0:38	3	0	0	0	0	0	57	0	4	1	0	0	4	0	0	0	0	0	0	0
yashwanthsai	7	9	38	1	0	1:17	0	0	0	0	0	0	0	1	1	1	0	0	0	0	0	0	0	0	2	1
ybmchief	1	14	27	12	1	0:32	2	1	0	0	0	0	0	6	1	0	2	0	0	0	0	0	0	2	0	0
YehhBoi666	0	0	0	0	0	0:00	0	0	0	0	0	0	0	0	0	0	0	0	0	0	0	0	0	0	0	0
yg98125	0	13	28	13	5	0:15	0	0	0	0	0	0	0	0	2	2	0	0	0	0	0	0	0	0	0	0
yo alter	0	100	117	12	52	0:47	5	0	0	0	0	0	24	0	20	4	0	0	4	0	0	0	0	0	0	0
Yo7Yo	0	0	1	0	0	0:00	0	0	0	0	0	0	0	0	0	0	0	0	0	0	0	0	0	0	0	0
YOOTHER	2	130	79	29	33	2:12	11	2	0	0	0	0	22	3	11	5	3	1	7	2	2	2	2	2	2	5
you grateful	0	1	1	0	0	0:01	0	0	0	0	0	0	0	0	0	1	0	0	0	0	0	0	0	0	0	0
Z	0	69	8	0	39	0:16	8	1	0	0	0	0	67	0	0	2	0	0	7	3	1	1	0	0	0	0
Z0ZRO	0	0	0	0	0	0:02	0	0	0	0	0	0	0	0	0	0	0	0	0	0	0	0	0	0	0	0
z459niles	0	0	0	0	0	0:00	0	0	0	0	0	0	0	0	0	0	0	0	0	0	0	0	0	0	0	0
zaitbort	0	0	0	0	0	0:00	0	0	0	0	0	0	0	0	0	0	0	0	0	0	0	0	0	0	0	0
zeao45	0	62	49	11	4	1:03	2	0	0	0	0	0	0	0	7	4	0	0	2	1	1	1	1	0	0	0
Zenpachi	0	2	5	3	1	0:08	0	0	0	0	0	0	0	0	0	0	0	0	0	0	0	0	0	0	0	0
ZenVelocity	0	20	52	3	1	0:20	2	0	0	0	0	0	3	0	2	0	0	0	0	0	0	0	0	0	0	0
ZenVirZan	0	29	50	6	14	0:25	0	0	0	0	0	0	25	0	2	2	0	0	0	0	0	0	0	0	0	0
ZETA1906	0	0	0	0	0	0:00	0	0	0	0	0	0	0	0	0	0	0	0	0	0	0	0	0	0	0	0
zodiakraider	1	32	15	8	16	0:30	2	0	0	0	0	0	7	1	0	0	0	0	2	0	0	0	0	3	1	0
Zoombenie12	1	32	41	13	9	1:16	1	0	0	0	0	0	21	3	0	2	0	0	1	0	0	0	0	0	0	0
zoruak13	0	5	16	2	1	0:09	0	0	0	0	0	0	3	0	0	0	0	1	0	0	0	0	0	0	0	0
ZpiK117	0	0	0	0	0	0:00	0	0	0	0	0	0	0	0	0	0	0	0	0	0	0	0	0	0	0	0
zPowah	0	23	6	1	11	0:07	3	1	0	0	0	0	18	0	0	1	0	0	3	0	0	0	0	0	0	0
Zwong	0	33	27	0	6	0:09	3	0	0	0	0	0	33	0	0	0	0	0	2	0	0	0	0	0	0	0
zxfiregold	0	34	48	6	4	0:26	4	0	0	0	0	0	21	0	3	1	0	0	0	0	0	0	0	0	0	0
